-80.76 -81.75
-60.62 93.06
14.58 35.25
-21.75 -194.24
66.01 -21.80
-13.73 -20.50
-14.50 103.22
-75.70 -88.63
14.71 -50.97
-62.76 5.57
24.99 -36.32
1.86 187.47
-23.16 82.30
-69.68 56.82
-11.60 193.36
44.66 149.08
-49.25 -144.24
60.89 10.89
-60.66 -62.39
4.60 29.13
87.86 95.34
-43.34 140.24
-15.82 -134.33
-18.31 92.74
-5.02 -162.30
-51.41 -159.02
-39.51 -1.16
-64.40 -71.13
-21.78 17.60
-22.47 53.42
-83.68 28.24
59.68 -25.27
-79.83 101.79
12.44 -115.74
13.22 90.30
71.72 -6.85
-4.33 74.61
-3.93 95.27
-17.23 34.36
33.51 138.88
21.59 -109.85
57.31 -44.73
30.14 -84.64
31.06 -154.87
67.69 116.92
-53.94 154.38
-71.86 120.33
90.27 24.05
-1.47 140.84
0.64 -179.47
-18.00 -17.03
-69.63 -127.88
-26.56 -76.64
36.72 140.13
-17.81 195.07
44.81 -149.62
13.52 -193.46
73.47 25.38
47.46 16.64
49.27 -133.59
-24.58 112.79
-2.04 -133.53
-20.23 152.10
-64.29 -21.36
-72.58 -85.65
-58.22 113.78
-10.37 155.95
1.54 131.39
21.66 -168.09
-38.00 49.74
-71.28 68.65
-7.55 97.29
-29.13 -1.67
10.29 -9.13
-86.67 -85.09
26.97 148.74
43.25 100.64
69.34 -97.45
-33.96 -180.54
39.10 2.78
-8.43 -2.85
-42.56 -1.51
61.64 -26.71
29.09 178.80
16.56 -102.28
-0.82 46.09
4.66 92.59
-19.07 151.57
52.59 -116.64
93.42 45.35
-58.27 126.13
18.14 -38.77
-77.74 27.49
27.79 -166.85
-5.88 96.42
23.10 -83.54
-62.61 144.81
23.78 -73.42
-6.91 -77.66
40.56 105.78
-15.04 -181.76
96.55 -16.75
16.91 -136.60
-73.69 -99.90
-21.89 -102.44
-14.19 66.96
-72.85 -79.88
-90.32 -54.97
-38.43 112.67
-21.70 -127.11
43.97 -92.56
-31.63 21.45
-59.29 -21.82
-33.21 117.20
-2.89 32.62
30.03 -161.38
27.77 -21.27
-67.55 -12.48
2.81 63.55
-16.71 69.31
-59.24 -101.91
1.78 -69.26
-15.64 16.78
28.81 -30.56
12.61 77.46
-66.14 -44.36
2.86 142.99
68.21 72.89
-70.74 11.90
58.26 -54.12
-7.90 -136.38
-13.26 154.33
48.14 -165.43
52.66 102.63
-1.09 130.38
63.75 130.74
-75.96 -77.49
-20.86 -132.27
41.29 49.57
-54.51 -0.21
31.66 -71.43
11.85 84.59
51.05 -115.54
-50.68 145.62
-61.79 87.39
39.31 -118.40
19.41 150.58
31.84 -144.53
-29.41 106.23
74.19 -114.50
18.15 148.11
-10.28 129.81
-36.64 -115.00
75.57 2.98
78.86 28.58
-77.16 -58.09
-9.24 2.29
-49.07 98.64
-5.77 -11.68
50.29 -146.25
-89.09 56.64
-35.34 -144.13
49.12 105.38
96.63 -31.52
49.07 6.19
-90.37 68.18
57.07 110.78
-29.49 -88.75
-24.45 81.47
-88.47 85.77
5.18 -134.05
-52.22 166.92
-29.44 -108.39
66.22 76.26
87.56 -49.93
63.58 -128.95
96.78 -38.80
-46.24 -113.27
96.18 -21.23
-29.74 -109.51
11.71 -91.19
-75.48 71.53
24.11 166.11
82.31 -32.93
-53.91 -19.52
98.39 22.01
23.29 90.86
80.17 -3.32
-8.91 44.61
7.19 169.12
59.34 -99.18
12.79 -30.16
-27.72 120.12
16.74 141.01
-38.75 161.17
-7.74 165.79
-69.04 -38.10
67.44 -100.88
-62.13 30.62
42.73 130.94
1.73 119.22
-96.97 -10.53
-38.42 32.88
50.93 -99.43
19.68 -74.32
-0.86 -72.75
-32.35 -162.13
-55.41 -164.51
-54.39 -103.42
-18.85 -142.46
-20.69 -192.80
68.91 43.32
26.27 166.10
-52.55 64.68
-43.58 -25.21
52.74 -164.21
81.03 -107.17
14.13 -170.48
-55.30 83.33
10.83 -136.37
88.76 65.59
-15.07 88.32
67.20 49.04
-17.01 -170.97
19.51 188.24
35.85 -28.01
54.58 -153.87
85.50 -39.40
93.06 -31.34
-25.15 191.16
30.99 -14.44
16.31 55.79
56.11 140.97
-74.64 -41.50
-25.40 72.54
-70.29 -112.87
-61.11 103.79
-48.06 170.25
-1.21 143.31
79.37 -96.25
25.36 72.44
58.94 -33.07
-19.39 115.82
92.26 -5.75
11.53 -133.55
47.01 60.17
-18.33 -101.05
73.45 -107.35
92.76 -26.93
65.46 -60.57
11.08 -22.13
-72.82 -66.38
26.58 171.86
4.51 -2.34
51.57 46.45
-22.26 -126.15
72.17 103.68
4.56 185.23
60.58 -151.79
51.07 160.58
-74.40 126.74
-67.91 -4.01
-24.35 120.83
-51.76 63.76
24.71 108.93
59.55 -83.98
85.50 40.56
18.40 106.85
-33.17 59.66
-39.63 3.89
20.70 51.81
40.86 -175.55
50.49 97.01
-92.74 38.43
-3.03 -110.42
-58.42 106.69
-33.79 -2.15
49.85 -58.42
-23.51 38.21
58.90 -73.01
28.26 -157.94
-23.15 19.16
44.68 -99.69
-78.41 123.58
22.75 -192.94
4.90 187.70
-98.33 8.63
-75.36 -24.08
-84.57 81.29
-4.36 93.92
66.96 130.11
-36.37 99.17
-26.13 -125.42
60.20 -47.99
27.41 31.57
-62.86 73.62
30.50 138.59
21.05 -65.58
-2.01 166.81
-44.18 112.19
72.59 -51.46
-4.61 -112.95
3.77 88.83
-8.45 106.58
-10.86 176.60
-14.32 146.93
45.56 114.87
15.13 -50.03
-89.10 -10.18
8.17 103.62
56.94 -149.90
21.55 9.92
-53.72 -8.29
-25.87 -178.39
-56.57 -132.67
-85.82 44.28
-72.91 7.35
-39.99 -90.99
-44.53 21.94
-81.95 103.96
72.47 -80.73
-42.79 -103.41
75.15 110.29
-69.63 -130.36
-11.86 167.80
-42.00 -142.96
-18.56 193.96
84.03 -72.08
-49.73 125.25
68.30 66.73
29.86 -43.66
-15.58 108.47
-38.62 -49.63
-50.30 45.04
78.03 13.15
28.15 -178.20
-78.65 -64.49
-15.20 -154.59
-10.93 -114.89
16.97 8.39
18.10 124.92
71.35 -138.14
-21.32 -0.47
77.95 -13.94
34.15 -25.31
48.77 171.81
45.26 -171.05
36.17 125.88
-27.55 -94.15
-31.70 112.71
90.77 67.88
71.40 -72.95
-55.89 -66.48
-97.38 -12.81
-13.60 -67.04
15.57 -69.64
17.22 41.51
22.49 -22.46
62.15 -134.57
62.24 43.32
-98.56 -17.45
-74.86 -82.58
52.72 -60.80
-47.37 47.55
-13.43 -9.60
-57.62 -54.06
-22.91 -84.79
-25.05 52.84
80.20 23.43
48.98 103.64
37.57 -175.36
-18.56 -108.76
77.52 -6.05
13.04 -46.20
67.87 -62.06
-43.65 -144.68
-49.34 1.77
0.87 -79.84
-44.93 62.66
9.45 -83.32
47.63 -78.43
41.79 -63.94
-24.58 -131.12
-56.92 125.33
25.06 -184.03
64.91 -38.85
6.55 -138.88
-51.32 150.75
-31.79 -33.10
-94.77 31.98
39.63 168.60
-68.07 -3.71
-25.27 -185.23
-41.87 -25.30
11.85 5.62
17.64 -177.81
-60.15 12.78
89.84 32.19
-9.40 122.40
64.70 31.21
3.75 -86.14
-70.56 28.64
42.96 179.78
84.02 2.80
45.40 -94.82
97.72 12.31
3.62 192.07
-30.74 -110.44
-97.69 33.51
-76.15 -43.98
-45.96 18.01
68.00 35.14
-91.96 71.61
-11.58 -143.05
65.17 24.13
36.88 20.74
-82.93 -59.26
76.02 -29.06
54.11 -85.86
21.61 -7.30
-85.56 -80.14
-25.25 -148.74
-10.44 3.26
-92.48 48.85
73.37 131.87
28.75 120.54
69.83 99.62
12.00 -6.91
54.14 98.38
-20.81 71.87
-2.26 -29.21
85.03 -16.16
-20.72 -114.37
-6.03 -161.67
-72.28 -101.10
-87.25 -96.92
-18.46 -118.46
-71.70 -59.58
-12.15 0.10
-8.29 -34.46
-88.47 -68.40
5.71 -56.75
-40.88 49.05
-66.47 -105.75
-28.95 175.62
-15.39 -8.09
-46.38 133.78
-27.83 -142.68
57.23 46.52
32.07 186.27
18.65 122.12
-11.13 -110.03
17.65 -151.67
14.56 55.65
21.38 117.58
-55.76 -25.90
-1.29 -94.41
36.25 32.57
-80.36 60.72
-70.87 -101.78
-84.11 -11.83
-73.54 35.60
-6.27 139.02
62.59 1.06
24.39 42.02
12.62 143.93
15.14 -106.74
-44.00 117.85
46.34 -48.63
-47.09 -6.92
86.93 40.67
-89.48 -55.38
5.92 -86.64
43.14 85.99
-22.33 87.69
47.63 88.47
-28.67 184.73
4.69 -136.55
92.10 -38.56
62.14 -133.58
74.48 -114.33
-59.32 -65.95
-22.81 158.67
24.17 -132.73
0.04 69.59
6.24 111.85
-49.01 6.06
-14.22 -130.07
59.60 -76.89
37.11 8.14
-5.11 -66.08
67.72 -9.25
-55.97 -85.77
-3.49 16.63
49.24 -73.68
55.24 -138.73
-75.59 -119.94
55.40 -108.78
25.34 18.92
-38.11 128.32
73.32 61.84
-50.58 -54.99
9.07 64.84
-45.47 142.52
-63.18 69.32
11.83 43.12
-38.83 -90.04
50.88 107.86
66.54 130.28
51.89 80.94
77.12 -19.20
69.84 -53.18
-91.58 -35.71
12.48 -58.88
24.90 134.89
-61.64 19.33
78.46 17.28
24.36 -105.26
5.90 -188.41
65.76 4.31
38.13 123.55
-53.61 36.93
-50.54 112.11
-24.27 91.59
-50.84 -91.48
-2.49 -82.64
-66.36 -60.10
-52.54 44.80
-71.28 -3.17
-48.72 -16.79
-28.46 -110.11
-25.71 8.28
54.26 53.41
18.00 -186.22
34.82 152.62
-63.89 11.16
83.94 -92.94
-79.97 -16.71
28.77 111.59
-73.55 -111.32
-0.79 27.76
-53.51 163.11
-52.96 14.71
-7.91 111.52
-81.29 -60.14
49.03 -64.90
42.21 -90.88
-24.60 -51.03
51.39 46.27
-57.04 82.27
30.72 -74.86
-62.97 99.55
45.04 -52.18
-16.29 -83.21
39.10 105.82
-16.29 -91.20
39.60 30.82
61.58 -87.07
-12.75 123.55
-34.43 5.47
62.03 -117.45
-55.18 -140.95
-47.98 -95.34
62.59 -17.46
-63.41 144.40
3.70 184.29
-72.32 -67.90
9.23 -164.76
-63.49 92.38
-91.74 -32.88
79.96 60.69
-46.85 -43.68
65.01 11.59
-33.28 60.33
-5.31 -133.02
-80.27 -12.09
25.11 -139.32
40.65 64.80
-19.36 -148.33
8.16 36.97
55.81 -74.56
40.78 -82.02
-1.46 88.44
42.67 61.57
42.71 107.46
-89.72 -35.38
-63.43 -72.27
-80.06 -5.09
27.53 -189.21
18.00 184.99
-38.07 7.97
-13.45 -34.82
10.98 -9.84
-77.88 -30.27
19.28 53.97
-80.16 -88.13
-29.84 34.69
-23.65 10.63
81.90 33.66
-11.37 134.61
43.86 -105.74
96.53 -23.90
-16.38 16.83
62.94 -116.25
83.06 -24.37
10.94 136.56
-49.59 134.26
23.97 133.66
72.60 -93.90
35.88 180.28
-11.22 -18.47
-53.07 6.39
-59.05 100.14
-20.48 58.71
-66.13 -73.79
-13.60 56.21
-55.04 -23.27
68.83 -31.29
21.42 3.30
30.87 -149.58
-55.12 -68.98
33.95 -118.24
-73.81 -113.53
51.56 -50.91
20.04 53.51
31.31 55.66
-65.99 -0.39
-10.91 99.71
-60.14 -122.79
48.88 -168.97
-76.67 -5.25
79.86 73.76
-2.75 2.93
39.07 -171.38
31.97 -156.50
58.50 116.78
-91.97 -58.94
5.30 186.95
-31.49 106.36
-3.61 -167.05
-26.17 94.78
26.17 -31.54
-16.07 -48.76
-24.03 -70.17
-58.26 70.26
-54.24 -129.93
-3.03 -49.40
4.37 107.43
19.68 -185.32
6.24 44.95
-18.66 31.73
77.87 124.16
44.64 70.95
75.84 -6.39
66.37 -62.60
26.91 33.35
24.70 -49.75
83.02 27.39
-44.88 42.78
-42.79 -160.63
50.58 -26.45
72.66 -54.36
39.89 29.47
-28.20 -69.31
46.10 149.57
76.04 22.29
79.15 113.44
45.15 -107.74
-38.43 71.41
-19.55 -1.02
-5.75 -115.20
57.70 -30.32
-55.95 -58.60
26.36 -132.48
40.10 -112.52
-28.61 -50.02
-36.00 -92.27
-12.33 -85.23
30.09 -74.98
-11.44 -75.31
65.88 51.77
62.01 -150.97
41.32 -25.85
-63.46 -14.74
-29.37 -87.43
-87.01 88.83
20.98 79.28
-46.85 130.84
-59.88 -106.73
9.27 54.98
-58.23 60.73
-87.69 76.46
40.51 -96.35
56.67 1.63
-11.52 -118.05
64.37 50.55
31.53 122.30
-0.80 -191.53
11.62 179.99
15.10 115.25
23.26 50.08
33.58 128.60
44.93 135.17
6.64 155.83
1.95 29.15
74.77 -84.59
-7.34 64.88
35.91 -126.15
-35.13 -64.92
61.76 114.56
-21.43 -17.69
-64.64 71.21
-14.57 37.43
47.95 105.89
43.97 41.32
54.16 90.43
-0.04 18.04
-58.20 -122.15
4.18 40.22
24.88 -40.03
2.64 -103.07
73.11 63.13
-49.88 3.42
-34.50 -106.99
-87.38 -54.76
25.87 -177.75
22.97 135.98
63.91 -4.65
-51.12 -102.92
21.07 62.55
70.06 91.30
73.94 92.82
1.43 -7.10
-80.74 -44.56
-18.24 -136.84
66.01 -77.40
-0.89 -49.88
52.81 -46.72
10.42 51.20
39.80 31.17
13.34 18.83
81.59 19.26
95.21 40.34
-90.94 -32.14
28.62 -45.73
-25.99 -22.79
34.36 130.78
-29.13 71.29
12.79 -22.50
-33.53 91.55
74.06 -25.45
54.35 -111.14
4.84 41.03
8.38 45.11
15.88 -163.18
-59.90 -28.62
-10.52 -139.36
-42.97 -88.26
3.69 153.96
-44.44 151.96
-64.37 74.95
-9.16 -159.87
40.83 1.89
27.61 -128.67
-1.32 98.19
9.92 -23.79
41.34 11.02
35.84 76.51
32.05 109.76
53.99 115.36
43.28 -155.84
-71.00 73.92
-73.49 26.53
-5.67 -74.16
-23.72 31.13
27.16 139.32
-57.43 -42.35
-41.86 53.99
27.44 -78.38
-42.78 -54.91
-44.15 153.98
69.09 -99.59
-45.03 -21.00
-46.96 -51.54
39.79 -78.54
-21.80 166.32
2.00 118.60
-20.77 -174.45
-45.74 94.41
76.83 -109.96
-20.35 126.33
-53.69 -155.63
8.18 148.02
69.20 -40.76
-64.31 -90.49
-17.19 -88.69
87.32 -69.21
-8.98 35.72
82.57 -59.87
-67.83 131.47
32.15 148.46
-74.65 34.48
60.49 124.52
21.55 165.76
-20.35 159.62
-79.74 50.65
62.23 -7.20
48.30 45.16
25.72 25.07
36.95 97.47
73.37 -14.40
19.58 117.20
24.74 49.80
85.13 100.45
-17.79 -51.29
8.42 -37.90
-80.37 117.80
-15.60 -62.32
-36.36 51.68
73.00 -95.10
-31.85 -163.79
-48.84 -90.17
-14.13 68.66
33.87 -161.22
-44.71 96.04
35.61 -27.78
-34.26 -32.31
-80.32 12.28
73.40 95.68
86.48 -14.46
-0.82 -162.60
40.05 72.29
54.62 48.86
4.92 -60.97
-67.67 97.41
-68.64 130.55
23.26 178.82
-33.13 178.53
-17.51 183.66
33.89 98.56
53.75 -128.46
45.68 24.65
-12.72 -90.00
7.81 -163.97
50.64 -30.56
22.03 125.35
-3.66 118.34
55.45 -17.85
-95.53 54.89
64.08 126.90
66.94 112.84
-62.83 43.20
-94.52 -12.43
-20.17 42.09
64.54 -112.31
23.09 50.30
56.58 37.65
78.18 -21.86
-41.08 6.62
-52.97 88.18
58.60 58.81
72.82 -130.68
-36.77 13.22
-41.02 -113.65
35.31 176.69
-34.58 99.42
33.27 -9.41
42.31 121.96
-15.67 -191.85
-58.60 57.86
-12.09 99.41
-89.85 -37.37
-23.98 75.33
6.70 -154.14
39.28 -19.88
36.81 56.84
-26.41 -176.42
69.59 51.82
26.63 64.32
27.32 -59.12
-43.92 84.36
34.04 -99.61
40.36 126.91
-52.55 154.46
-3.80 -197.78
-90.45 -39.21
-33.13 171.41
-76.93 -56.84
32.01 -179.57
79.49 56.34
-15.65 -70.85
-27.73 -47.30
90.19 22.31
-4.63 107.41
-43.31 -176.48
-19.79 -8.36
-57.99 46.38
-79.61 -32.16
58.02 57.04
-1.41 187.55
-73.10 -92.22
-23.39 -78.74
-27.41 55.74
33.99 113.49
-7.87 151.67
-39.11 -75.22
-68.83 140.10
-13.37 -137.11
58.51 110.77
26.32 181.66
35.70 45.69
-58.64 -19.28
-92.25 -49.31
-38.52 140.71
-70.02 1.53
-33.84 -13.15
60.29 128.93
-47.37 30.90
-58.72 -22.60
51.17 -1.99
-2.13 -40.03
1.54 -44.45
59.77 -113.42
89.30 86.58
-51.82 -151.56
-26.51 93.71
-51.13 71.94
26.58 49.61
-84.87 -12.11
1.30 111.26
31.94 -0.95
7.23 165.86
-72.58 136.68
-16.33 -95.25
53.80 167.70
-81.26 -23.71
-57.62 -45.57
-13.87 35.52
33.87 -105.29
60.48 32.28
1.53 141.90
49.06 132.63
3.00 66.89
-50.48 112.37
28.67 76.88
-59.58 -36.90
-25.31 22.89
-67.78 135.72
86.16 -31.67
45.43 -134.95
-72.08 69.67
35.44 -10.37
62.46 2.47
-46.68 -28.47
-3.41 57.61
-96.08 -23.14
20.12 28.01
16.20 98.07
-5.52 -50.30
5.45 -30.72
-82.94 6.62
32.06 59.32
98.17 -18.74
-94.75 -56.83
13.25 -102.60
15.84 -106.24
-27.77 -135.52
-43.46 -176.16
-89.14 -1.60
-83.42 -38.29
85.60 -41.78
-12.42 -123.29
17.03 -147.79
41.42 -170.41
-83.47 26.19
13.98 -197.88
-14.96 -189.68
27.31 177.11
-42.48 177.31
-3.09 32.78
-44.69 10.98
-21.70 -113.40
25.31 118.72
-15.45 59.37
22.65 -41.35
-61.84 37.66
-76.80 93.35
-34.93 -22.66
-38.31 -24.01
-14.41 108.14
-61.37 16.33
30.26 162.71
-55.54 -37.53
9.30 158.86
-47.38 121.65
-57.89 -33.92
10.15 73.72
92.73 66.48
8.57 -135.37
15.95 132.61
30.32 34.47
65.20 -114.89
-40.92 75.04
-36.82 73.23
-64.92 -0.59
17.75 -9.42
10.63 57.99
32.73 141.25
-40.46 -40.96
92.01 46.95
-60.13 -153.75
-48.22 113.55
48.14 11.89
17.22 -15.23
53.04 7.96
-25.69 147.55
77.62 112.43
14.77 -3.60
-52.63 158.40
14.79 -120.83
44.79 32.35
-14.57 -7.68
-69.26 133.80
-58.21 -152.34
-56.67 84.25
48.18 58.68
-76.23 -66.69
45.64 -149.18
40.15 2.53
36.82 38.01
11.84 -183.67
57.38 -77.42
7.98 186.85
96.03 27.20
54.88 -121.65
-19.69 -103.85
-68.14 100.79
49.23 -41.58
82.87 -58.69
50.96 7.24
-69.19 -144.01
-14.95 70.54
43.33 -19.20
26.63 -124.63
-48.76 148.18
52.72 129.84
-23.74 -171.81
-7.44 -182.98
-71.14 67.20
-50.49 98.26
16.50 143.38
-51.16 14.47
9.58 176.23
-58.22 89.74
-77.42 -19.46
52.20 -58.54
-5.17 -157.17
56.80 73.89
-94.18 -35.89
29.78 99.36
-16.37 136.75
3.47 -109.07
43.90 -144.72
-12.61 77.99
-39.71 90.77
-48.77 137.18
-66.82 -92.93
85.57 -63.90
15.54 -119.83
-47.12 105.11
-66.60 41.55
36.92 -69.63
58.63 -52.64
25.68 27.59
45.81 -7.41
-68.26 60.91
-34.35 -49.04
-59.66 -5.93
31.99 64.21
-61.95 42.99
-35.97 -61.30
76.19 -60.02
18.88 -171.56
-75.41 -12.04
-0.14 -65.94
88.30 -82.09
5.66 -91.68
-43.25 -130.73
1.05 -13.55
-9.25 -45.29
90.48 12.37
55.12 -46.06
-95.45 29.68
-74.29 -130.84
-54.15 -27.45
-7.83 -54.30
-45.24 -159.69
-42.28 -26.96
-54.99 6.79
13.30 93.19
-55.44 5.99
55.32 130.89
89.73 -63.66
94.29 31.11
18.19 34.11
-61.40 87.64
33.66 181.76
-6.54 1.89
-92.68 14.69
13.36 70.67
33.27 -91.13
-93.11 33.82
90.03 -39.67
71.54 132.26
25.25 73.03
53.46 -133.92
79.10 -19.76
-10.93 -66.32
11.16 51.81
87.03 74.53
39.07 -33.05
39.02 -167.20
7.77 110.68
-39.12 -34.66
21.30 195.35
66.79 3.38
-3.75 173.08
26.98 56.01
10.94 106.79
87.18 87.04
-61.10 -40.74
-29.28 -125.17
-50.13 -126.80
84.93 -32.21
41.56 122.56
-4.47 -58.58
-7.93 -41.52
-66.09 112.27
-53.02 124.57
-24.06 35.96
-67.90 -73.34
-30.64 -181.86
12.38 -24.74
-13.31 -120.55
-72.57 22.80
-21.03 124.04
84.55 103.95
-4.98 163.14
-36.89 -156.20
-32.29 76.70
-63.53 145.84
79.62 -45.04
-24.63 60.27
-14.39 -121.91
13.54 -120.80
-35.86 15.40
-29.34 -69.76
-42.88 145.16
67.80 -45.52
-3.03 -98.60
34.58 126.98
96.51 27.06
-20.99 1.95
-16.20 -16.73
51.47 -119.85
-61.43 68.49
64.11 23.19
-28.35 -15.65
17.10 125.33
-66.27 -73.51
-6.72 -8.05
60.55 55.63
-6.15 37.26
-68.68 132.28
-6.15 -129.56
40.53 67.75
-64.06 66.28
67.57 -28.18
70.34 43.63
81.22 42.38
-4.81 53.15
47.11 33.54
85.68 89.96
-17.42 62.59
-0.94 185.90
43.72 -6.61
-18.61 -162.89
1.67 -125.40
-4.01 130.58
0.28 -66.74
89.19 89.68
40.15 -5.59
-25.88 -80.94
-20.90 69.80
-5.30 -139.98
-76.14 67.09
34.95 86.62
2.87 139.01
97.02 -15.14
78.39 3.53
39.94 -88.30
-66.80 97.18
52.17 55.63
67.37 23.11
83.39 -100.97
-0.16 16.56
21.39 -84.15
38.34 -173.97
29.83 75.50
-45.52 53.93
-15.07 -130.32
46.14 74.93
-16.08 27.11
-16.94 46.72
33.76 69.54
-34.12 72.76
54.23 66.20
-28.22 63.11
-29.65 -56.53
20.66 -130.96
10.36 67.80
7.26 -38.02
-35.32 149.15
-47.71 43.76
13.38 -185.76
-29.96 -166.45
38.69 106.86
34.64 -68.14
80.97 114.81
-12.18 167.32
7.69 153.79
-15.75 195.94
20.33 -156.49
-74.01 -24.61
-27.35 25.30
35.01 125.39
-15.61 -161.51
33.45 25.18
74.60 60.41
-35.18 18.22
-18.18 -65.79
-59.29 -29.44
13.39 17.18
10.61 161.39
-13.78 19.66
10.73 -147.57
-82.72 5.16
-6.70 -101.48
-41.94 61.82
-77.43 53.78
38.43 -134.30
-30.30 -122.65
45.33 -165.47
-52.38 10.14
-24.22 86.60
-31.87 -11.68
-40.02 -51.97
-21.79 185.31
-7.30 88.54
-54.33 -33.92
76.66 -35.94
-42.77 138.05
-47.37 46.02
-52.04 -125.00
-80.97 -112.52
5.78 103.66
26.52 -135.79
41.34 155.14
55.34 23.80
81.01 14.04
77.93 -17.35
56.53 -129.82
33.87 107.17
-12.11 69.10
65.54 -58.57
-34.46 65.66
-20.15 184.67
67.36 -114.52
-79.38 -51.14
33.37 137.10
-74.53 -102.46
95.08 59.03
-22.23 -82.58
-10.93 -12.56
30.91 133.29
76.75 91.87
77.55 -84.16
94.78 18.22
21.88 97.72
64.22 51.48
48.58 -158.73
54.69 63.68
-42.54 -29.18
58.64 61.71
67.55 -128.44
-10.46 93.42
55.18 -100.59
49.87 -40.86
86.01 75.89
34.51 68.64
78.41 50.22
54.28 -9.76
-19.57 -150.04
72.31 86.35
-74.62 6.20
-63.61 136.51
-81.85 -112.25
29.85 -163.47
-60.95 -50.00
1.83 -126.22
-45.00 137.32
-53.60 60.35
-11.18 26.33
61.49 152.73
65.66 -137.65
-72.51 122.86
-9.38 60.32
53.05 -53.20
-30.20 46.99
24.34 -129.91
41.97 20.74
-96.52 38.71
-60.82 -122.43
-69.63 -134.47
-55.61 -115.63
48.61 70.97
3.01 -15.88
11.30 -83.09
92.60 33.63
2.60 119.22
57.41 131.09
0.99 -163.79
-71.05 -0.97
64.65 -54.31
-39.94 14.36
88.95 -6.18
43.84 -10.89
-26.84 182.58
25.48 66.95
26.78 167.85
-23.17 44.00
19.23 -33.96
4.18 -127.39
43.71 135.25
-75.71 74.14
54.95 -85.44
-21.52 92.63
-25.11 -4.96
61.60 -77.13
34.85 82.84
13.10 -43.22
58.11 134.82
-27.46 44.05
-70.38 35.01
30.54 112.37
-10.67 -73.49
-20.06 -81.64
47.54 105.37
45.19 -123.78
26.87 88.38
-88.30 0.45
28.62 57.80
34.83 49.26
83.96 -98.60
5.38 -23.69
-7.93 180.46
53.42 -110.91
2.60 132.96
-48.12 -104.07
47.03 167.98
25.79 -90.22
16.28 -184.44
66.09 -59.60
-42.42 88.56
-42.43 -172.49
-86.13 -32.66
72.09 128.57
25.00 -61.15
-14.64 -107.43
66.75 123.99
58.13 132.77
46.47 83.94
12.42 154.63
68.74 -47.60
19.83 -136.67
27.22 138.64
-22.26 33.08
38.83 -36.64
-26.82 -64.18
-38.99 99.63
-16.77 -55.00
76.68 -92.35
-16.60 -84.42
50.11 16.50
-45.70 -29.79
-35.71 -129.82
15.74 99.78
56.04 27.61
32.88 35.45
-83.86 -73.84
-35.18 55.84
-54.47 -101.62
60.77 157.28
-51.63 -151.89
-41.91 -84.71
54.92 -29.94
-76.74 70.00
46.88 3.36
9.17 -56.72
84.18 -100.30
-21.18 -44.96
42.18 -107.88
25.23 -170.80
71.77 -31.56
76.73 126.55
-0.97 -183.34
-7.75 -177.77
66.92 -58.47
-8.31 6.15
-40.25 137.66
-17.35 -58.21
45.66 -134.34
42.65 -51.41
61.00 -6.19
-59.97 -122.23
-77.47 -28.83
12.91 166.48
-55.86 12.81
-38.96 134.02
-71.31 -137.03
-86.77 -9.18
-65.37 -30.98
-34.73 101.05
-3.37 61.78
68.45 -41.74
9.24 -9.52
-82.88 -40.07
15.07 68.25
10.92 65.31
16.92 4.56
-7.52 163.18
-30.19 -127.49
8.98 117.67
-30.27 85.05
42.82 -75.78
15.88 50.28
-19.97 37.27
51.02 -45.94
29.46 -149.52
37.07 -175.50
59.66 -90.00
41.72 -71.15
-33.42 -20.58
38.13 -144.20
-39.62 -112.64
30.51 -118.76
50.88 -65.84
-47.30 110.68
18.42 109.32
22.50 144.83
41.86 -81.19
-57.61 -38.05
56.33 10.42
84.98 -69.58
64.92 -119.60
25.34 83.48
-13.39 -73.84
-17.98 69.49
7.00 102.20
-21.09 -159.47
-63.40 -57.04
-9.87 146.76
68.47 -15.39
64.86 134.19
74.96 -129.85
-23.19 73.64
2.58 -137.10
-66.68 65.68
-41.34 137.80
-57.17 -39.75
-3.75 -3.97
-46.32 135.49
-45.82 142.04
50.56 -4.01
53.91 40.25
-25.69 86.52
13.01 151.57
54.15 -81.55
-30.41 -50.78
90.20 23.47
-68.65 -92.30
-77.98 1.00
-36.12 54.33
-58.61 -26.19
17.35 -12.01
-31.82 -144.49
96.40 37.95
46.88 -55.61
39.80 152.72
-7.99 85.09
-24.31 17.96
10.44 103.60
26.48 -12.91
-12.80 111.78
95.87 30.96
40.07 66.30
-74.28 109.04
21.87 87.75
77.85 -115.89
2.60 84.79
-24.42 -80.69
9.42 -61.96
72.81 -44.72
-6.41 -10.18
-2.14 -126.27
-93.69 -2.72
55.73 -53.67
-57.31 -75.77
-14.08 -122.31
0.82 -180.71
-8.43 -145.96
7.21 -77.41
62.85 55.43
25.42 -93.98
-34.60 -22.97
11.60 -111.74
-59.34 91.67
14.24 -134.08
32.83 -146.01
-73.86 -23.50
-88.43 -78.59
-17.07 61.60
4.27 8.97
-58.62 -84.16
75.44 -83.19
44.14 26.86
-20.39 178.68
26.32 61.06
64.38 -115.37
1.86 2.93
23.42 -155.95
36.61 -110.30
33.99 117.73
29.54 68.48
30.61 -185.95
23.95 187.57
53.27 -149.42
-51.89 110.44
-26.29 29.29
-1.39 74.08
86.57 -58.29
8.77 109.25
96.65 3.37
22.47 -24.27
-28.39 122.35
-92.19 -66.73
-97.47 -37.41
-39.63 -166.66
-5.36 165.10
36.77 23.06
-69.32 127.52
-31.25 -72.61
-1.94 123.25
24.96 -165.76
25.92 -145.02
25.59 22.21
52.93 -84.76
88.17 91.53
69.78 10.33
-11.51 127.49
50.61 -39.62
-44.54 -44.28
-41.73 28.04
75.79 -4.78
39.91 102.69
-20.99 12.33
-47.56 99.44
8.84 23.68
-49.35 -64.02
-67.85 81.08
-36.48 -136.54
41.83 -120.04
-3.26 56.72
1.14 97.51
-6.59 82.08
76.31 -18.27
23.21 -79.23
80.15 73.35
-1.60 48.09
9.04 -125.55
-81.50 52.20
41.64 -130.22
-33.51 -178.64
-63.60 -14.54
-1.65 15.09
6.05 180.45
-40.48 129.21
74.99 -67.25
-33.57 173.61
57.47 -100.64
-60.91 -45.18
42.99 -25.53
91.19 -59.39
-0.60 -31.94
22.61 123.12
47.71 115.56
-18.58 19.81
-44.55 152.14
67.32 4.02
82.36 -108.01
15.89 63.96
-96.64 -1.08
-56.95 17.36
22.95 -115.60
33.28 179.62
35.98 -30.67
17.65 -100.06
58.13 77.58
-65.77 -142.15
-79.53 -100.54
9.38 144.70
-31.78 115.36
56.85 -11.09
-79.26 -103.80
7.43 112.49
-66.60 -85.47
-19.79 42.97
6.65 -119.58
-56.20 86.90
14.92 72.45
65.31 -145.59
17.90 150.80
31.09 24.21
18.23 50.18
87.91 71.77
5.32 -75.82
28.71 -169.18
29.93 12.84
-32.93 90.64
3.37 154.00
8.08 -53.49
50.87 -71.00
-52.93 86.56
19.09 151.31
67.58 -126.44
-25.38 -112.42
-11.17 170.37
-8.17 14.73
27.97 -179.22
-85.58 11.26
-5.47 4.73
86.70 -2.61
-47.79 18.15
-17.62 -160.56
-48.90 -166.05
-83.95 -46.49
-42.57 -72.02
-97.83 19.43
59.23 93.01
-23.83 -81.15
-49.75 -128.19
9.86 177.74
30.15 -159.48
-67.91 37.24
79.50 -35.00
-87.12 -13.18
20.99 5.45
24.29 66.05
-56.05 -12.32
-29.51 -102.34
47.83 128.32
-3.98 91.02
-85.80 -79.10
1.79 -104.94
6.18 195.75
30.90 -91.09
14.66 -138.44
-14.45 12.32
-0.72 157.47
-33.18 61.31
-26.95 161.91
-0.96 -103.51
-53.89 -51.17
-80.49 66.63
1.49 -82.98
73.70 106.89
51.98 -8.90
79.41 -116.07
23.87 -174.88
-51.58 37.83
-58.58 22.79
-48.90 68.66
-44.40 -5.61
21.19 -89.08
-37.44 -52.90
-52.82 -167.01
61.44 -21.57
20.28 180.96
-46.31 -21.33
-34.50 -21.99
61.64 -121.38
-73.58 -15.44
-16.41 65.85
76.65 -125.21
7.97 25.90
82.72 58.91
26.79 -91.43
38.34 23.45
-7.32 85.09
19.78 -83.67
-22.73 -70.02
56.29 -2.74
13.42 106.68
10.49 178.74
8.85 89.69
16.91 8.23
13.26 -63.30
28.38 70.92
32.98 -102.10
6.55 174.47
11.66 -186.56
41.11 120.58
59.16 -26.57
16.29 135.37
-46.24 167.63
-20.24 133.68
-11.78 181.77
48.18 2.74
91.59 -22.10
40.86 135.68
-0.89 57.42
4.97 145.60
-80.67 -84.02
43.36 143.19
93.90 66.06
66.69 -89.27
42.21 132.19
-83.61 -46.28
80.21 -39.12
-89.76 68.86
-4.55 -61.03
34.57 -19.03
17.98 2.41
8.42 -160.71
-21.10 175.70
86.91 20.55
39.90 179.86
-13.06 -135.58
21.00 -126.72
-39.95 -35.62
44.21 58.54
65.28 -1.21
-27.79 79.26
-46.15 -2.82
-39.29 -46.48
24.48 125.81
50.70 -76.11
38.80 39.39
-8.36 -87.81
67.24 109.77
-0.22 34.58
-55.84 -123.98
-5.81 -136.28
-1.63 170.39
2.39 -126.34
-80.07 13.74
2.86 -175.34
54.00 -91.11
7.84 -155.81
-49.84 128.66
-40.40 -23.36
-81.41 51.90
16.76 -77.04
70.60 136.10
34.23 -135.34
69.92 -56.50
-69.07 9.86
-23.17 10.38
23.76 -132.46
-0.43 -117.62
2.52 90.92
-47.28 104.90
42.85 55.02
-94.67 32.31
51.57 -144.94
-8.80 103.08
-84.53 -79.69
8.54 -130.85
-23.56 -5.60
-9.22 -92.62
20.97 171.55
11.12 -10.04
-75.92 -13.65
-36.25 -16.81
83.29 92.69
88.34 -90.55
-66.79 -13.68
-31.91 113.74
29.48 -153.72
-53.55 -89.37
72.56 77.68
-65.26 127.02
-57.51 51.36
8.43 -70.43
-62.08 52.29
-37.49 20.43
95.09 -12.27
62.01 -89.35
-35.38 110.64
-90.83 7.17
82.34 12.56
78.45 52.16
-15.80 -16.08
-70.15 -33.30
42.24 -53.10
29.55 -19.80
-87.13 94.73
60.22 110.19
44.77 -36.82
-69.71 127.30
28.25 87.35
-29.32 42.13
-85.89 -64.12
-38.49 -163.54
-49.91 -58.29
-25.82 118.79
-36.98 59.88
71.32 29.13
37.45 -145.48
-28.23 -36.83
17.42 -185.02
14.44 -96.14
41.09 12.61
-74.65 76.38
-34.40 180.02
69.43 -129.18
-16.65 57.07
77.95 -3.45
35.37 146.32
36.35 143.71
66.48 124.99
-61.14 1.23
70.84 -99.83
-20.68 14.28
4.70 -0.29
-54.04 129.23
35.44 74.52
59.52 -101.46
-29.58 24.27
-79.09 103.29
90.43 16.57
-68.13 -29.83
-64.06 -32.26
-60.58 38.84
78.99 -49.07
37.85 29.32
78.22 107.06
15.62 0.56
-45.51 146.54
-29.76 64.47
-57.97 -104.97
54.08 -89.35
-42.93 -109.26
29.37 -46.69
70.06 -134.22
29.16 -24.54
-2.63 170.71
-57.27 72.08
-87.63 95.83
-2.68 21.83
89.96 -48.91
29.51 1.20
50.43 -136.30
54.90 -110.99
-63.03 -25.38
-35.94 -129.05
8.02 114.02
-56.12 52.90
21.91 162.29
31.02 -59.64
-32.35 -149.10
-66.53 65.69
41.43 -49.07
24.45 169.55
-4.09 127.62
2.08 -161.99
11.34 -83.22
-29.31 -26.72
50.52 122.01
-62.19 49.05
26.87 -163.28
39.14 174.02
-34.10 62.39
6.60 -56.15
72.96 97.15
8.01 9.10
28.53 -42.93
-78.22 -115.15
-36.44 44.82
-2.90 -17.96
-58.82 34.54
10.60 185.60
-8.69 -77.85
-30.65 69.52
42.63 -56.58
23.39 113.47
4.92 130.32
-0.56 111.08
-21.99 -25.64
69.57 50.05
79.50 -34.59
37.04 -145.49
44.08 98.14
-60.11 99.14
39.99 -110.13
72.23 14.92
-7.74 -141.15
0.56 178.26
-17.14 90.09
54.93 -37.07
59.74 -41.62
44.46 140.20
-59.55 16.41
-53.71 14.31
7.70 -51.71
24.27 -158.84
-16.03 -37.93
39.18 -175.04
8.88 194.98
94.19 13.93
-61.97 2.71
-35.52 -117.63
20.84 100.17
22.99 85.26
62.63 104.41
49.97 46.30
23.28 152.23
11.64 -141.03
39.58 -112.92
32.37 107.71
28.14 -162.94
36.46 172.23
16.41 -5.92
4.94 26.75
-44.43 -131.88
11.87 139.34
-9.26 -39.51
-64.07 -151.18
67.42 65.19
-44.78 62.46
52.89 -44.28
-49.27 75.97
-65.71 -116.45
69.97 -106.49
-22.70 -107.48
-52.10 93.71
89.93 24.60
-47.14 173.23
-73.03 0.45
-16.59 -113.55
19.68 -130.94
-54.08 -59.96
-47.53 -152.88
21.51 -179.18
58.39 85.49
8.83 32.37
-54.80 114.23
-80.12 29.59
-90.99 69.90
80.47 64.95
55.09 -162.86
43.50 -171.58
80.19 -24.39
98.23 -10.53
78.24 13.95
-37.96 -35.33
-54.64 57.25
-46.61 162.35
-50.52 77.78
20.77 -170.25
-62.25 -21.47
-45.09 46.41
58.15 -36.42
-13.85 -165.91
47.26 32.76
95.91 34.50
58.34 147.08
47.68 134.90
-11.80 76.06
-78.28 46.07
-49.40 160.67
81.36 -104.49
-37.01 92.95
6.62 -187.50
40.28 -98.63
89.27 -81.57
-23.56 -102.87
47.45 97.85
0.68 28.77
14.52 -169.96
-51.93 160.54
-16.41 -61.06
-4.55 -146.81
-73.96 93.35
-13.05 -186.37
36.97 -77.50
-39.76 139.41
-68.72 111.44
-42.38 -178.88
-55.43 -134.23
78.51 41.20
7.70 69.35
-36.28 152.17
55.10 135.32
7.42 196.39
52.93 -160.34
-78.81 -111.31
13.57 167.99
-42.55 116.92
6.62 -144.97
24.12 38.62
78.72 -56.27
-62.82 -93.84
63.80 -76.61
-9.86 -197.56
-65.01 -102.04
55.91 -147.50
27.40 157.21
-14.55 128.19
-52.77 32.59
84.12 -22.19
15.84 -10.14
27.86 183.97
13.25 -166.20
2.26 125.81
-9.03 162.53
-75.70 34.98
12.19 -63.90
-66.95 51.70
55.99 -103.39
-58.24 -1.44
63.39 35.69
-35.68 48.12
90.35 65.36
53.65 62.90
-42.15 153.71
-10.89 152.58
30.45 -144.58
-77.71 -43.11
13.68 46.99
37.24 -136.68
-29.45 177.03
-78.73 86.75
-36.40 20.89
69.92 -112.32
89.87 -25.33
-45.00 -74.42
66.75 -14.10
56.65 -108.64
69.41 119.61
-46.80 96.31
28.59 -164.67
-79.92 -68.11
-3.20 36.49
-63.49 5.85
-62.71 69.08
24.61 183.59
-65.45 -117.90
-18.52 -132.66
-16.19 17.12
-46.73 -74.76
36.62 117.62
-19.00 190.41
47.67 124.20
-92.83 64.13
-7.85 26.55
-1.32 127.83
-90.64 -7.94
84.51 -81.57
9.19 -87.25
-45.17 176.30
34.04 116.63
-7.41 82.98
46.98 -26.36
-89.03 77.43
38.70 -69.29
-16.75 157.17
10.62 -29.33
51.05 -156.43
-53.48 89.47
-60.79 139.20
-76.25 -38.75
89.88 68.29
-54.48 30.34
34.91 89.50
16.19 17.12
41.18 -93.47
60.74 -74.08
25.56 81.23
65.49 102.38
31.88 144.54
30.72 -165.28
-64.10 -146.04
-19.56 -183.59
-25.55 26.24
28.09 -85.97
69.82 -61.62
83.25 57.42
-11.39 -182.78
33.90 10.90
23.73 -58.13
-59.48 -116.93
10.67 107.48
-5.65 149.53
6.04 97.09
11.94 55.81
-61.72 43.08
19.05 107.33
29.73 154.97
26.32 6.88
70.06 61.30
10.74 12.10
7.54 118.67
-63.19 114.55
-48.38 46.86
-51.62 -124.88
-54.17 -27.80
-81.28 72.80
74.26 64.38
42.49 86.17
-45.09 150.89
27.92 121.18
67.94 -99.22
-12.37 -154.32
78.30 -3.59
40.33 82.07
44.88 138.46
-76.44 -97.70
52.96 9.55
34.59 164.92
35.33 -98.57
85.84 -66.35
72.96 123.23
18.21 -77.44
24.57 -17.07
-78.84 107.79
77.90 -25.34
-37.58 -30.47
-69.92 -89.67
6.01 -120.52
61.58 138.38
-39.68 105.58
0.75 22.03
23.40 -3.42
80.54 -79.04
92.70 61.96
4.80 -71.85
-27.86 -172.74
-40.59 77.42
-43.67 -9.32
-90.04 -24.68
25.27 -134.24
-82.27 -13.10
-76.22 66.01
-15.11 -32.01
76.98 -50.03
-20.86 -104.47
11.23 -49.03
79.15 -13.42
62.59 -120.24
7.99 14.56
19.81 -169.60
-7.08 23.19
78.59 -111.83
39.34 146.01
-28.44 -169.23
-32.04 -110.91
37.89 -123.93
-39.54 173.79
-16.06 89.88
-23.09 -23.84
-18.50 -102.17
-22.56 -61.66
-53.30 160.18
22.66 21.33
-3.78 -80.45
51.23 -57.59
-91.83 -35.56
-45.85 98.20
-73.91 -100.14
-53.58 -69.27
-68.68 125.40
-18.35 141.21
-1.42 179.08
-4.09 118.32
47.47 140.12
-8.30 -131.45
-31.87 47.00
76.96 117.18
-68.82 48.44
-7.78 -65.93
-45.78 168.85
-30.09 3.32
-68.54 -90.75
24.89 65.01
-58.98 48.13
-84.64 -58.31
-68.74 11.06
37.28 46.81
-44.92 86.21
-14.77 -149.07
-50.17 -34.33
12.97 -23.17
-30.27 -183.02
17.53 -10.96
62.07 108.77
14.70 22.44
-61.85 -4.65
-25.76 -178.25
16.38 179.23
14.15 -6.41
50.94 151.81
9.04 -12.40
-41.25 157.23
93.62 52.11
-49.53 -152.51
-42.87 -3.83
11.24 -92.02
90.86 68.46
-24.58 183.05
-63.09 -28.29
-31.76 -88.54
46.27 -154.57
50.25 116.49
10.01 -49.63
-58.96 -84.51
-10.39 30.74
16.45 97.06
-17.62 -166.47
72.35 -76.48
-48.45 -129.24
-79.69 35.95
46.75 159.52
-7.83 96.67
53.01 35.38
2.06 32.85
69.04 128.91
-10.32 19.64
53.55 -130.17
-54.54 9.90
18.44 -189.32
-36.52 -74.58
8.03 -167.01
45.15 4.38
47.30 97.40
31.78 -127.29
76.19 37.31
45.64 14.83
48.60 174.36
-97.71 -6.12
8.80 60.16
57.53 -121.28
39.49 15.51
-89.34 19.12
57.82 24.50
-43.51 136.94
43.13 0.14
-14.19 -30.13
-35.61 -1.46
33.22 -158.69
62.60 151.24
-28.56 30.68
-19.58 -43.39
92.60 -0.92
6.68 93.45
27.81 11.80
26.20 -98.37
40.75 141.77
23.79 85.57
1.80 -165.32
94.86 -35.79
56.54 49.10
-28.54 -67.44
-9.49 33.87
-83.40 4.58
-38.92 108.13
-80.70 -48.27
95.71 -24.06
-85.62 -99.21
-34.95 -102.72
53.97 -27.93
-28.43 -126.70
6.79 -147.80
2.15 -50.96
-63.59 -33.13
-79.44 50.35
-46.75 -83.70
-96.30 -21.95
-46.57 129.21
26.71 -116.39
-8.05 49.69
2.22 -107.26
-76.30 -90.43
-77.68 118.04
22.15 -10.23
-45.98 -16.99
-65.15 -91.72
45.00 -75.87
9.36 -177.65
18.19 -189.89
76.30 36.11
80.96 -2.01
86.70 9.91
-52.67 -147.98
36.00 -87.95
-48.42 108.79
51.67 -114.16
58.54 103.30
-77.05 26.07
13.53 95.92
47.60 20.04
26.83 -60.07
-29.05 102.55
45.91 -16.38
12.86 87.38
-14.31 -61.96
-40.34 88.26
39.34 -143.49
-9.41 89.84
-3.08 0.28
78.27 98.76
83.22 -27.56
15.00 132.15
20.99 -2.77
23.56 -173.66
-45.38 9.86
34.85 161.97
-66.22 61.26
-54.19 -54.83
87.37 69.16
59.06 -6.16
82.74 73.59
57.96 -119.12
15.99 47.30
17.75 116.75
-58.15 133.94
81.87 -23.41
29.23 -108.96
-11.97 177.11
-47.82 -118.91
47.82 155.26
-66.49 141.38
-5.35 -199.26
28.30 44.42
-36.71 118.61
-23.42 -158.10
18.78 131.00
-24.68 108.51
-76.81 123.47
38.60 -176.18
15.27 7.98
-47.31 -19.18
22.11 -140.87
4.22 -12.01
59.12 -79.85
-48.86 -95.69
74.54 -98.64
4.55 136.49
-53.05 54.60
-5.26 -158.41
-0.83 187.30
57.89 -156.52
-51.94 -1.10
-46.07 59.45
-77.93 78.22
92.35 -33.71
73.27 34.08
80.21 -105.32
-49.30 -154.22
18.58 -149.29
-77.71 -78.52
84.49 -50.96
49.33 -56.35
22.76 37.98
-77.74 -115.58
72.60 -111.70
88.37 -13.01
-90.95 -26.64
39.79 88.25
56.85 -31.32
18.82 -143.23
2.80 108.07
60.15 6.16
55.58 132.94
55.89 -134.26
-50.84 133.08
11.88 -24.96
-6.88 62.42
8.00 153.29
-16.84 -145.38
66.70 108.21
-24.19 43.34
84.10 59.39
-10.22 60.46
58.30 119.89
36.48 -99.29
49.67 154.90
-90.21 5.78
-11.52 -176.12
12.94 92.13
45.12 43.88
-81.26 57.08
75.95 -89.95
92.33 34.04
-95.37 26.12
48.46 84.63
95.48 1.27
-38.30 90.72
23.32 136.74
29.23 109.05
-40.91 170.71
-37.83 119.55
-19.39 156.81
-43.26 -66.60
71.41 138.07
24.91 -119.13
83.17 -52.48
37.21 -147.47
62.55 35.84
-8.11 -41.50
-3.86 -193.90
86.58 78.83
-46.77 -146.42
-61.25 137.19
39.38 74.84
-51.48 -80.55
31.50 -87.51
43.50 -78.98
-55.52 127.43
-52.78 141.66
-35.41 131.57
-78.76 42.38
-19.67 -176.08
-89.07 58.03
-84.13 -98.36
21.32 193.15
-53.76 108.32
78.15 -102.72
-30.29 16.38
-66.51 0.66
74.79 -95.30
43.05 67.74
-85.08 -58.89
9.91 -155.31
91.79 50.47
9.85 -93.62
-12.31 -198.28
-68.89 14.27
-59.63 20.94
-18.27 6.05
32.86 -138.21
41.80 88.10
21.11 -152.18
60.87 58.00
-48.32 16.38
40.81 145.97
-19.05 39.43
40.90 101.76
-31.05 68.51
17.97 57.64
-8.73 150.24
72.39 27.48
72.63 114.17
40.54 42.91
20.46 -83.02
39.16 -158.06
5.43 -93.07
-1.47 62.01
-55.86 12.99
95.48 -54.56
-51.68 91.27
62.68 -113.94
12.14 -123.57
7.90 165.04
33.63 -77.60
57.78 8.58
62.51 56.06
24.50 -70.41
7.17 69.57
-16.96 -145.14
-24.71 -161.09
89.80 -31.82
71.74 -95.56
30.95 -108.77
25.83 -148.42
-43.36 108.99
70.35 -57.69
-10.68 -54.37
-34.99 178.81
-36.53 -15.72
-22.16 76.31
-44.80 -71.02
-31.23 -93.25
-32.35 49.16
-48.05 4.48
58.18 65.94
46.61 5.74
-23.10 -71.28
-46.71 -24.12
54.12 -33.90
63.49 -80.18
27.28 -3.34
2.44 -154.57
-62.24 -117.07
5.54 -150.92
68.98 126.96
-62.98 -135.29
-10.46 -14.49
-61.51 -88.02
-17.48 -2.25
38.06 143.86
57.97 14.88
35.23 139.68
13.97 -150.89
-40.70 -90.65
1.44 -138.67
-67.89 -136.30
87.40 55.69
35.24 63.63
-22.52 -156.48
36.62 -95.16
-61.05 117.29
-28.99 -173.60
-56.25 -9.87
74.51 28.46
-24.66 179.56
24.02 4.23
45.66 -110.19
46.92 87.76
-91.30 -45.88
-44.43 -150.01
-82.42 -43.92
-68.39 -112.07
-2.46 52.28
10.73 42.54
-40.57 63.05
-87.00 45.80
29.98 119.51
17.40 -96.02
74.26 -126.15
-64.40 58.98
-7.05 -92.99
-90.64 2.49
-97.43 -32.30
-48.38 -10.26
-40.30 169.71
-59.35 -76.72
41.73 67.13
-5.77 136.03
60.03 -37.49
20.89 -72.42
79.29 -53.03
-41.73 -125.69
-62.40 -152.85
-63.36 147.20
-15.89 -132.74
-2.53 -67.01
-64.53 90.48
15.24 83.98
82.05 31.31
64.48 39.10
59.05 93.82
-45.33 -16.12
28.25 -98.58
12.55 -157.33
-41.30 104.03
67.82 -12.31
-36.38 -83.16
77.45 -58.57
-47.51 -89.72
50.32 17.35
1.32 -161.58
77.00 98.11
49.99 -62.64
77.20 77.82
34.89 24.01
-71.00 94.95
41.16 167.90
52.57 -70.35
-27.02 -72.72
54.82 115.22
80.09 -116.50
-0.47 -192.02
73.90 4.92
-24.38 -10.30
10.94 49.62
-13.40 -56.98
54.21 66.96
78.32 95.37
45.78 -47.92
45.06 137.77
-53.58 -166.80
96.09 -49.18
-5.84 142.11
44.76 45.81
20.96 -192.09
-37.41 -1.42
-24.19 113.73
70.54 -73.26
-23.45 93.43
-68.39 52.61
-41.85 -155.13
37.00 -173.99
-8.82 51.67
-26.37 51.81
76.94 15.49
69.28 -3.95
-2.91 177.54
-38.91 -45.53
-67.71 -43.07
66.76 46.70
33.13 -110.41
32.79 54.48
-80.89 -29.59
43.10 166.26
-65.53 144.07
22.07 -177.69
-47.59 -8.87
30.85 -62.30
45.90 26.09
-23.49 -189.07
-26.74 167.44
3.53 9.85
94.71 -9.27
91.28 -40.20
60.64 79.05
-46.35 -172.41
-17.44 131.33
-35.08 -69.00
-17.14 -165.50
54.28 -9.78
23.27 101.28
-83.48 8.53
53.42 -11.89
42.63 32.99
41.96 -105.85
-12.92 47.55
31.10 -131.17
60.31 -22.31
-27.81 -63.94
-60.18 159.68
19.86 71.29
85.74 64.11
12.26 135.04
10.75 -2.59
-0.34 152.49
25.29 58.39
-41.36 -167.86
-2.32 93.45
-10.13 -141.87
8.70 12.14
84.85 62.92
9.81 77.85
49.22 -17.67
-71.65 132.57
-29.40 -18.53
48.88 -143.62
10.27 155.25
64.47 57.26
-79.41 -57.49
85.72 -98.77
21.19 -61.95
-23.91 146.43
-20.35 77.21
29.53 -22.31
36.78 -131.22
8.34 78.28
89.03 40.21
3.96 193.99
22.96 63.85
43.81 -106.50
-27.50 -32.99
-58.55 -94.47
86.90 -33.33
-44.36 171.10
-28.58 -170.02
10.50 173.09
-48.72 61.92
-70.31 -8.64
-48.28 -44.41
54.27 -128.85
-63.30 48.57
0.49 68.14
-5.15 -154.47
82.68 -68.74
62.52 114.30
81.66 56.70
63.65 -133.92
-91.53 16.78
65.07 -68.20
-64.90 -38.71
-29.71 -153.16
69.99 -86.86
45.03 -9.72
20.97 7.04
-14.05 -148.20
-59.20 103.50
5.64 27.65
75.40 80.33
-65.08 23.71
6.41 10.92
-45.98 -156.10
-51.83 -1.83
34.10 108.88
-55.59 -113.52
46.28 30.96
-5.87 30.48
-23.53 122.88
87.09 28.11
26.66 -107.64
54.28 109.68
-53.55 -7.56
-45.35 30.81
21.86 93.15
-21.15 -42.22
-19.84 -144.81
69.94 -25.77
33.62 -104.52
-52.85 9.14
-25.63 -36.07
-58.90 -121.45
86.52 70.57
-9.22 -188.24
12.45 -35.27
-15.85 33.80
54.08 44.02
19.89 188.15
0.31 -108.71
-26.38 167.87
-98.42 31.02
75.63 32.36
74.52 -49.61
68.20 53.98
54.55 -166.04
-27.36 -60.21
-45.71 35.03
24.20 23.11
90.05 -72.21
-58.26 16.98
56.19 65.67
32.77 -186.93
-1.59 -146.26
31.83 -154.38
-48.48 -134.03
-13.86 17.94
92.65 -53.07
-48.04 145.16
3.90 -55.10
-30.32 92.48
24.18 -160.46
16.14 -11.82
60.50 -106.32
-52.42 68.69
13.75 88.28
83.16 -86.60
13.82 30.42
32.91 -157.18
-13.36 -113.40
-54.89 -141.65
46.24 140.50
-46.59 -19.50
-56.26 33.10
52.93 113.79
-19.60 -172.95
80.11 77.57
24.78 -129.44
-35.57 172.66
-5.17 -11.43
-17.88 3.58
57.18 -21.64
-28.84 4.27
34.84 -142.97
-32.89 -114.80
48.58 121.26
32.50 -105.70
78.50 -75.57
-77.24 -107.21
-18.97 77.55
47.58 -127.98
13.65 -137.63
-55.02 137.74
-28.82 -178.23
95.48 48.86
10.23 24.91
36.13 83.17
-32.78 -149.22
8.24 0.86
65.49 -100.48
90.63 20.12
28.13 147.21
64.29 -62.84
27.37 -178.92
-57.32 15.49
-27.17 -23.87
42.11 82.50
-43.43 -51.85
79.30 2.16
-16.21 23.67
59.56 -13.29
-29.45 161.54
-63.87 15.05
-28.45 49.90
64.86 74.41
46.33 47.78
-31.37 173.26
14.26 133.54
32.90 -170.42
-44.00 -27.11
70.16 -101.24
-21.89 120.07
17.32 18.77
-26.67 16.15
60.54 29.80
33.97 -148.91
-1.69 -64.67
8.31 131.31
15.11 169.88
50.17 37.78
-90.38 40.56
68.91 105.18
-10.31 -51.45
66.84 49.59
17.20 4.37
-42.15 125.93
-28.27 -34.83
-73.11 -72.57
13.44 15.21
-49.66 -29.74
21.97 163.28
72.43 93.82
-21.58 -141.04
10.36 -160.61
-29.99 -60.51
-72.75 84.52
4.06 -187.56
-77.89 -120.25
29.58 -60.91
62.96 -90.28
46.60 157.33
6.34 180.10
-44.35 -105.49
88.21 59.42
34.91 -110.41
9.66 176.12
41.93 137.08
29.27 -65.96
35.03 31.76
-47.87 20.57
49.93 -144.55
13.64 132.90
12.03 -183.87
-55.50 -92.19
20.07 -102.29
-26.99 36.19
65.65 84.04
32.45 -1.67
3.35 -32.76
-68.07 -3.79
22.79 102.86
-70.61 10.15
34.05 -75.17
75.59 -9.89
37.25 -162.64
50.68 -66.72
32.85 159.14
46.34 -1.00
-27.28 -95.33
32.87 -102.25
22.65 -6.72
7.97 -18.46
-27.68 175.04
48.47 24.26
-74.11 46.15
18.45 -12.80
41.75 57.40
-28.31 -179.94
-78.59 -18.05
3.82 198.12
40.79 -126.14
13.60 -118.84
-0.62 112.50
22.54 -46.94
-73.88 65.54
37.42 119.46
-45.18 -19.28
-67.19 -83.70
62.39 31.25
70.21 -103.08
-45.24 -44.86
18.47 134.86
55.63 48.08
-92.08 14.57
-2.69 68.62
27.10 -7.17
-27.36 161.24
48.48 54.05
-46.01 -3.24
-88.02 -69.38
9.12 -196.20
-78.65 76.49
-9.69 -85.69
-22.52 3.50
84.78 81.20
2.00 -99.07
-6.07 -52.85
-43.80 45.46
66.70 124.96
92.21 -52.90
-61.73 -10.78
34.20 -103.70
-0.47 -161.35
-36.75 -115.62
-85.58 38.96
-11.56 138.76
-0.00 180.95
-35.71 -144.71
-69.69 -2.28
-51.49 33.67
4.74 53.73
4.04 -68.40
-16.42 -160.75
-66.54 -141.83
79.19 -22.07
70.58 -121.40
8.37 28.40
-54.24 -51.63
-30.89 94.63
84.75 -4.78
32.93 -99.76
21.34 182.32
78.88 90.47
36.17 141.27
66.30 -104.92
-24.08 -127.69
53.94 -47.59
58.22 -82.62
-27.18 -22.40
-19.08 -123.80
5.75 13.69
0.04 110.27
90.14 -82.92
28.91 -118.68
-9.27 -159.43
63.39 35.16
59.88 32.91
-1.53 104.45
-4.30 -110.37
82.53 -27.30
21.72 -195.02
-86.49 53.96
40.69 -146.45
68.46 18.41
2.06 -98.12
-26.61 132.16
-43.09 -104.42
37.06 38.02
92.71 -62.83
-61.86 61.65
-32.32 109.70
40.77 -152.44
-92.18 0.42
36.42 16.02
44.00 143.72
-17.42 72.55
58.99 -44.48
-70.27 -74.10
-73.07 34.38
-57.44 20.64
-0.01 117.93
67.48 84.70
12.68 76.92
-36.77 139.99
-37.25 100.42
28.16 -112.90
-43.57 126.68
57.57 123.54
26.21 0.37
-23.38 68.92
-62.20 -121.62
40.79 -119.47
-13.04 -88.81
-0.70 -34.39
-20.37 -52.94
68.72 84.02
-27.33 168.79
24.89 82.10
-28.97 -12.48
-45.58 -136.57
53.04 -76.35
-42.35 56.81
53.88 -53.99
-48.76 21.43
46.50 -41.77
-93.37 -31.52
-21.66 -7.11
-58.84 -84.68
-69.69 25.71
-89.03 41.19
-46.68 -122.06
-7.96 120.16
-3.23 197.65
-64.80 38.91
-4.14 -191.67
42.44 -102.38
-10.76 -157.21
39.63 -163.57
-43.25 -161.61
-64.52 -57.48
30.55 -117.49
60.63 -0.26
-39.24 -3.59
-78.06 -46.73
1.09 34.26
62.75 -95.35
-44.30 -124.92
94.95 43.60
-91.13 -58.08
15.78 57.08
18.26 -10.11
-88.79 34.51
63.68 -118.45
-23.94 3.87
-44.69 139.21
-5.09 -93.71
0.33 -28.45
21.86 135.88
15.60 -52.84
-50.22 -121.92
-74.92 96.71
-65.09 -46.94
-11.22 -157.92
-61.81 63.54
68.60 18.26
-54.86 -45.44
-74.60 -58.11
-18.15 -128.30
18.33 -99.58
16.30 -0.03
25.20 126.03
-64.98 119.55
7.48 138.53
-76.44 127.83
33.68 -163.09
49.54 -33.38
44.34 -131.17
45.70 22.49
-78.25 -113.70
49.25 -5.28
-75.13 63.55
-52.42 46.84
-34.27 111.84
54.81 147.34
31.96 -91.40
32.75 -148.59
3.20 -155.44
58.09 -95.42
-60.43 -112.92
66.38 -124.97
-75.21 -101.67
6.58 71.52
43.55 -69.66
-3.92 81.09
26.88 -84.84
-7.59 80.24
68.22 -21.62
-60.29 -24.08
-75.09 -29.55
29.49 -179.93
-31.18 59.89
31.37 108.20
-9.05 126.05
-37.60 -89.86
-6.83 99.01
-15.07 170.85
-53.78 161.00
-30.87 -89.29
18.32 102.30
-4.67 -162.12
-69.85 -130.68
35.04 -135.30
92.01 -60.84
-66.47 -20.90
57.22 157.70
-33.77 -5.98
-85.44 68.65
-11.05 -17.73
92.38 36.24
63.52 -4.15
76.98 -66.45
14.80 -62.03
-73.69 2.83
6.27 92.56
-20.12 60.59
25.05 -125.31
-39.05 104.56
-50.10 6.06
-78.57 -41.28
22.91 25.62
25.80 81.26
76.33 52.63
-86.26 15.89
54.53 -24.49
-45.15 -17.62
-32.35 -137.36
-37.81 -168.21
-0.37 103.45
-15.24 -114.36
39.13 49.55
-51.09 -81.07
-53.27 125.66
-57.44 -118.88
-4.95 7.55
59.06 -80.79
-0.14 113.54
-81.85 53.25
-56.93 18.38
-13.48 4.91
76.07 -18.52
77.48 -72.66
51.45 -125.83
-24.97 -49.73
-86.77 7.38
73.15 -29.96
68.97 -38.81
59.66 -43.67
4.84 -91.99
-77.28 5.67
-74.51 -130.65
36.86 145.62
51.38 67.41
17.47 -77.26
-20.30 99.00
60.73 -65.47
12.19 108.31
1.49 -143.57
8.43 30.50
57.69 -162.62
85.37 -90.71
-4.79 181.35
28.31 164.27
40.95 -93.50
32.37 5.10
82.39 60.76
-51.76 162.07
9.23 103.67
-81.58 14.01
-43.46 -164.16
-50.91 80.42
37.72 -114.87
31.73 -140.41
-15.19 72.45
32.04 -61.47
-83.22 -52.76
-21.07 -78.55
38.92 -123.18
-63.33 154.03
-51.92 164.97
-53.74 -97.83
23.70 69.01
90.02 -61.24
-69.59 6.01
8.85 167.68
-26.36 89.82
60.29 10.44
-76.98 12.08
-1.95 173.40
-51.87 100.71
36.34 -134.16
-8.47 90.18
-39.19 112.81
-48.10 78.71
79.31 -19.33
89.36 19.56
19.32 170.28
5.29 163.22
17.34 -98.74
-16.33 52.58
54.11 -87.85
-12.58 -6.78
20.26 -46.82
25.06 138.25
-33.13 101.81
74.05 130.67
69.56 12.45
-63.99 3.32
-79.76 -52.78
-89.47 -31.05
31.03 47.22
-18.08 -5.27
53.00 -149.92
-17.02 121.32
35.37 69.72
-52.65 80.66
-2.12 11.40
-39.37 -123.59
-93.11 43.97
77.55 19.76
71.59 -134.35
32.56 40.74
-31.72 -126.38
41.70 41.21
29.01 59.69
2.12 111.58
-61.75 71.08
-19.05 -191.58
-25.85 180.74
-45.41 -132.59
-52.58 149.35
2.39 193.50
-35.23 -69.03
-32.60 77.64
53.57 3.30
-2.10 150.11
-45.82 35.26
71.09 -52.40
-79.19 105.41
-71.23 93.17
55.52 -98.89
4.51 144.20
-48.41 118.32
12.30 45.81
26.47 -17.19
-31.42 -165.41
59.65 -69.47
-7.68 -112.33
73.82 100.88
66.89 75.61
-24.50 20.86
-14.09 -116.70
-63.41 -110.62
52.93 153.10
64.14 95.77
20.19 2.59
-48.72 -74.87
-31.98 53.24
1.96 44.85
-35.27 68.24
6.56 152.71
24.96 -115.86
-2.69 -168.35
17.86 191.45
-82.59 -105.48
-62.67 -131.42
-65.88 61.39
17.61 13.95
-10.63 57.79
1.00 -170.66
14.53 -189.55
-1.12 -45.68
84.20 -15.09
-23.10 83.67
-46.23 -97.52
52.42 117.30
55.11 44.21
69.99 25.88
-65.47 -105.61
67.79 11.46
24.89 169.59
-27.86 135.10
-37.71 32.33
-95.25 13.57
43.69 -87.93
6.88 142.07
-51.29 48.53
21.15 -168.85
-38.25 156.50
3.63 -131.25
-14.32 -154.85
-8.76 171.10
16.61 -16.14
-32.54 -185.37
-17.40 -169.66
10.99 30.91
-46.09 -150.74
10.61 -190.92
-10.59 -193.46
38.90 76.37
31.94 -87.48
-70.06 97.37
66.72 110.59
12.47 71.82
43.85 171.83
-85.51 95.81
11.51 145.13
40.60 135.51
-22.79 -192.01
-55.30 1.45
-17.04 47.30
-20.68 172.82
78.46 41.38
-74.43 26.05
34.40 -150.82
32.58 -40.09
81.31 52.69
-78.97 -71.26
-84.58 -76.08
-46.64 39.50
77.49 8.03
-23.94 -93.13
44.10 -123.91
18.34 182.78
-90.52 -6.54
-37.99 148.83
-48.63 -98.23
-63.51 -75.75
23.24 -21.42
52.42 1.56
34.73 -135.54
93.42 12.32
80.53 108.31
-3.82 57.77
59.73 -144.40
-73.25 28.92
-43.60 91.31
-61.57 -56.20
-43.63 -123.10
-23.52 171.57
-25.21 187.08
64.25 -118.15
-23.32 -192.55
28.82 64.44
-19.40 26.24
-66.24 -67.79
12.25 -70.61
-43.88 -175.90
44.34 148.29
22.39 26.62
-83.18 -99.15
-58.46 100.10
-23.82 185.37
-23.04 4.10
30.09 0.92
80.09 -91.31
9.00 75.68
63.53 -15.07
5.25 172.14
-50.33 110.60
8.48 -11.39
85.65 -87.41
-7.71 -91.73
70.73 -94.39
23.43 157.75
85.77 72.50
17.37 -113.90
76.00 52.80
87.61 -69.52
19.89 54.86
-50.63 169.69
44.39 -18.74
-92.73 58.74
49.19 150.30
-59.61 -85.58
-11.60 -83.85
34.43 -102.05
-47.33 -67.98
11.97 -105.33
34.63 -132.12
61.20 132.10
-75.67 -116.51
48.29 -125.34
42.80 -6.92
-52.96 -127.77
42.03 48.30
-62.73 70.10
-21.06 -86.84
-41.06 80.35
82.89 32.81
-88.10 37.31
80.64 4.42
0.28 187.87
60.35 -5.91
28.22 127.61
-35.17 131.04
-31.03 9.95
32.18 -168.77
-53.18 31.34
9.07 118.52
29.95 96.98
-81.72 -111.14
-74.18 28.42
8.28 -116.79
40.18 -88.06
42.84 112.86
-75.65 98.80
-12.33 -117.08
-6.39 -66.93
97.06 23.35
1.39 6.12
-17.55 58.67
24.86 -114.79
38.13 88.46
-54.85 36.76
47.28 -119.97
-35.39 -152.94
-18.93 28.63
9.96 -182.91
-44.99 -10.05
-88.16 -92.08
-19.56 47.39
-1.50 -133.91
69.12 -46.76
-61.03 -4.13
12.86 86.12
-92.79 30.31
-54.56 137.32
74.46 -93.29
-39.22 -119.13
6.12 76.21
-52.76 58.23
-0.79 86.40
-25.09 53.85
-62.48 -140.61
-14.32 -22.34
3.90 -43.73
7.37 21.15
-4.08 -30.49
22.63 74.00
74.74 -75.99
94.14 -46.72
-47.16 11.45
40.44 -109.93
-23.20 89.70
84.15 70.90
-12.90 -42.00
-10.78 16.89
14.68 116.52
0.95 144.22
57.21 96.17
19.98 -64.54
19.85 176.94
-14.78 17.35
0.63 -25.39
68.39 100.63
13.50 -57.99
-79.11 -31.30
-80.43 -116.53
8.40 -94.13
34.36 -140.85
-91.21 -81.72
-74.11 63.73
9.86 175.01
86.58 -91.47
12.74 38.44
-44.62 15.43
38.30 64.66
91.96 52.31
27.79 35.36
-2.61 165.16
-92.69 -19.80
31.10 7.21
43.62 20.13
-72.44 84.87
39.52 106.02
62.56 -107.07
1.78 -4.77
-33.26 -109.20
17.59 132.65
-1.18 -89.68
16.70 -188.08
29.12 -20.39
81.74 28.80
27.84 -21.43
23.64 65.89
-8.96 -136.69
-31.82 128.79
-49.14 40.24
95.46 -2.42
5.38 116.87
3.00 105.14
-66.42 123.98
-53.69 -73.82
-85.35 -73.71
-53.27 27.60
67.37 28.87
-25.44 -152.58
-31.54 -35.72
32.32 137.13
-41.54 -105.79
14.00 141.61
76.31 -0.91
-27.56 -36.31
-31.96 135.76
57.80 -84.88
61.31 -97.33
-87.58 -4.02
-45.80 58.33
-26.53 -57.78
31.35 125.07
2.03 176.18
-41.08 -88.42
53.12 165.31
57.91 111.14
-25.21 -42.15
63.91 -152.96
23.24 -143.21
-61.38 115.08
28.13 165.77
5.29 1.77
80.08 46.53
-21.04 163.95
-13.22 -144.07
96.43 21.42
-53.39 -2.57
37.67 -117.43
30.08 116.60
-63.72 -71.09
87.90 -18.74
-4.69 153.48
-19.63 -54.38
-43.81 47.68
-44.63 18.41
5.06 -149.11
-63.68 24.22
45.15 -6.55
-34.09 -96.28
-53.45 128.16
-9.12 134.46
-56.93 -157.43
-4.34 -198.64
-84.24 52.23
-34.55 44.30
57.93 -96.27
-37.76 8.82
25.93 136.96
-25.22 77.46
46.84 -176.33
19.87 -174.64
1.98 188.01
71.46 -78.27
-58.99 138.61
-63.36 -37.38
24.38 59.37
-63.48 29.43
55.43 113.49
-0.18 141.97
76.57 3.19
19.76 178.39
31.08 -83.98
8.29 187.46
63.92 -131.22
-9.59 103.06
-13.43 11.26
-43.16 22.92
24.03 -192.61
-55.60 100.85
6.06 -97.46
-61.19 -72.99
33.96 -159.75
-56.90 -68.93
27.97 -119.87
21.49 -185.75
-29.17 176.29
48.02 4.46
89.63 -34.54
69.88 136.09
-87.11 57.90
-80.18 -27.04
-44.94 46.59
14.25 -66.65
32.84 -119.48
-18.14 -48.80
-21.13 -68.28
-82.87 -67.47
-66.09 134.70
-81.64 -108.84
-58.65 160.07
45.53 57.48
29.34 165.67
-44.31 -82.37
-59.88 61.99
68.85 25.43
1.60 64.96
39.96 -146.43
88.24 65.75
39.44 172.01
-3.70 -166.12
-90.81 -16.06
52.66 117.72
51.59 137.87
-49.52 -156.74
-44.04 -112.05
26.56 18.77
-59.05 60.65
23.19 95.90
50.72 -171.95
40.06 -128.80
53.24 73.34
-40.57 95.38
35.04 -155.12
84.02 39.89
11.51 6.20
35.74 -55.63
31.07 125.01
-79.50 0.01
-11.47 -192.28
44.13 -80.31
54.25 -130.43
-29.85 116.93
42.85 140.59
42.19 -178.31
-75.50 87.02
-16.92 153.53
75.41 -117.77
7.26 -77.85
31.09 1.33
29.10 -127.46
64.50 97.17
64.21 130.78
-6.65 80.23
-65.79 -131.00
7.13 5.21
87.22 -27.20
35.64 10.70
30.86 58.57
-38.31 162.74
79.61 105.65
39.14 100.61
13.12 -85.26
-80.95 -3.41
8.58 -108.37
48.36 121.63
51.19 54.69
48.14 76.00
-85.69 -50.18
-49.04 -161.80
-18.31 -121.82
57.09 9.78
-96.00 1.93
-17.29 -164.47
49.85 123.46
85.12 -22.06
42.60 -82.96
0.77 5.49
35.41 -41.99
38.44 -141.63
-98.10 -14.19
-22.75 173.47
-15.35 33.30
-5.24 9.74
9.02 -42.45
88.25 45.90
-54.83 62.79
25.80 18.03
-58.47 119.34
3.52 120.82
-12.00 -182.09
-96.98 -45.17
-8.32 53.41
-44.24 24.19
-35.24 57.97
10.80 -182.69
32.70 8.99
18.62 101.12
-2.36 -141.95
-14.17 -41.32
23.97 154.13
5.41 30.98
77.08 -10.20
99.18 -6.59
-51.65 27.41
31.99 23.26
74.98 -67.03
12.86 -90.15
61.52 -97.22
-29.79 -3.77
21.61 -87.25
62.49 89.52
48.32 -46.93
-1.42 -133.29
87.63 -38.18
-78.35 -106.60
92.70 40.65
-47.60 -127.57
75.29 115.59
34.16 111.11
76.72 91.55
-80.44 -68.59
-71.43 35.14
88.97 -14.03
73.00 -74.40
23.59 -6.64
32.97 -150.35
-5.42 -165.62
24.67 -92.02
85.92 71.07
-34.82 107.17
6.21 72.90
-81.36 113.55
-37.87 59.54
67.84 -35.82
61.61 111.30
38.92 44.05
63.04 28.78
-12.76 -2.94
75.73 119.57
-71.38 -82.78
41.70 -161.12
7.13 87.68
-21.34 140.72
-46.69 -95.95
33.59 -75.14
-0.43 -87.98
74.09 -68.76
-51.58 -37.90
-12.01 -83.61
-41.58 175.66
-79.14 106.12
-46.75 -135.07
53.72 134.30
28.88 46.21
18.91 167.05
40.76 -171.16
-53.46 -107.29
3.87 123.90
23.33 -75.27
76.19 -98.61
21.97 -80.66
45.70 -37.66
27.81 124.03
40.42 63.87
42.82 119.93
46.04 48.34
25.03 -95.41
13.81 168.79
-25.43 116.79
-41.13 -14.29
51.23 -33.15
-1.41 58.13
-81.70 -46.83
51.71 50.90
18.24 49.41
9.49 181.79
-42.60 120.85
15.90 -78.06
-28.10 117.42
-57.61 2.98
15.55 7.68
48.54 -40.34
38.35 145.20
-63.09 67.40
83.30 69.24
15.34 -100.34
-63.06 100.64
21.75 15.58
-16.74 -100.72
-78.91 55.92
54.69 98.25
62.65 -117.74
-82.70 37.14
59.66 132.40
-37.34 123.34
-32.13 -4.55
1.48 123.83
72.22 40.53
36.36 150.78
31.92 189.12
35.05 183.10
-23.29 -23.13
-47.39 -66.10
86.59 -18.88
34.31 168.59
-38.90 182.40
36.94 172.81
-7.65 71.84
18.34 77.96
73.47 36.66
-35.23 -106.03
43.58 67.01
-24.68 20.77
9.27 -91.26
44.68 152.72
-63.10 27.67
37.41 -119.55
-77.53 -106.12
-53.09 113.82
-43.83 -91.77
-80.78 -15.49
-16.11 168.46
-3.42 140.40
23.63 21.14
-9.46 70.36
-41.83 30.07
-12.60 43.30
25.22 -104.59
40.95 134.33
20.39 62.73
-77.51 25.41
10.92 -154.53
-60.84 133.12
-17.50 -131.33
-3.35 -185.76
79.49 45.09
-81.66 -88.80
-41.59 153.43
-22.24 -5.46
32.83 -10.00
-54.50 -19.99
-96.77 18.65
27.14 -117.22
89.42 73.67
91.08 -50.13
-70.05 -9.11
59.83 -147.99
-7.95 149.09
-17.32 -109.74
9.02 -42.28
-53.44 117.48
20.66 0.66
80.46 -52.11
15.88 106.88
-9.99 -127.78
35.96 -102.51
43.63 62.52
-36.76 -65.37
-8.53 -6.89
-14.89 7.45
-40.07 153.75
50.17 22.80
-23.75 141.92
-21.29 51.49
-70.93 -59.53
23.41 163.62
-46.69 141.25
-72.57 132.85
24.01 63.11
22.66 -10.36
70.34 63.80
-8.36 153.31
74.67 -44.06
-4.06 155.10
33.45 49.70
57.08 -40.63
-22.11 122.41
9.01 -49.82
-62.75 52.30
15.98 -84.55
-57.23 -62.01
42.94 156.47
-57.62 143.96
-29.16 181.27
0.99 -195.34
-78.57 117.27
32.84 -166.60
-26.54 125.43
-57.20 103.11
89.85 -27.56
26.50 -51.93
20.19 -111.07
2.86 7.00
31.90 -14.93
80.13 111.43
-7.66 114.42
56.97 -104.12
82.64 -32.04
71.17 115.78
37.77 -49.43
72.18 119.15
-46.05 -22.42
-53.94 -134.31
63.68 -30.40
39.31 -35.69
-6.97 -170.45
-44.72 -174.20
31.98 31.88
-12.38 -45.02
2.99 -58.59
79.95 -99.37
2.52 -90.70
0.90 -109.76
40.23 -71.60
-14.90 -50.22
-30.10 59.50
14.40 61.61
-14.84 6.93
42.50 68.02
-3.51 109.27
-88.84 -52.78
40.55 132.56
-51.60 0.01
-9.65 -165.58
-45.10 -11.55
-47.88 -79.94
-10.98 181.51
-33.60 48.88
14.39 118.74
-15.47 -144.04
-4.69 111.55
-41.80 109.09
55.11 -35.39
85.34 -71.79
-43.14 -172.76
-20.56 124.70
70.73 85.02
-29.01 0.42
61.07 -105.59
-36.11 -19.40
-69.64 -122.02
-32.13 118.91
85.19 -33.02
77.12 30.30
70.04 100.44
-84.26 -22.94
-9.94 167.97
55.47 85.81
-69.71 -5.58
-65.52 78.18
48.29 10.41
-83.73 -21.98
56.69 -71.10
82.09 78.22
30.57 2.26
51.86 -98.77
90.44 70.27
3.05 1.31
74.93 129.24
-36.12 -40.37
66.18 92.42
1.24 -19.58
-28.33 -172.75
-14.34 -111.72
-33.56 -161.09
-25.75 5.35
-44.59 92.16
50.59 69.35
-77.52 -8.18
-29.62 145.54
97.34 34.88
65.37 -11.50
77.12 -37.79
-51.16 24.77
-63.76 93.32
3.01 -9.37
-7.89 118.36
32.30 -133.94
6.09 -188.86
16.90 -63.68
39.89 -134.96
70.12 -112.25
-18.18 40.01
25.60 35.21
-47.43 143.26
-36.68 78.18
-91.06 58.95
-9.56 127.76
86.71 64.52
-35.31 132.86
-84.03 98.28
57.45 115.95
-43.72 44.37
-29.85 43.68
29.92 -141.29
-66.48 59.75
55.74 -113.20
-9.85 -122.59
-75.27 105.05
31.62 65.75
-88.73 -22.17
-43.74 -64.60
28.86 -83.63
-12.98 111.37
36.68 2.27
-34.31 136.19
17.31 -169.29
-98.87 10.91
-2.88 115.30
-8.67 135.74
72.14 17.27
-76.25 112.01
51.05 36.51
-60.54 -52.84
-2.82 -135.59
-61.78 149.73
45.18 111.47
69.40 -57.81
-39.40 -179.18
-75.65 47.42
-27.20 149.83
-8.52 61.76
-14.72 46.27
5.21 39.25
15.75 138.99
-27.23 -68.01
-58.47 -0.19
65.75 -3.67
56.86 -103.19
-58.96 -66.10
11.46 -45.24
-53.99 140.50
-31.23 -49.23
19.43 52.71
-44.30 20.42
-11.48 161.22
-6.56 -185.28
13.90 56.22
33.62 138.11
2.43 -176.74
-24.31 171.59
61.49 23.69
22.99 96.15
69.58 -72.35
-9.40 -143.67
13.65 192.60
19.42 -16.40
-92.18 40.80
44.38 155.22
54.55 -130.40
43.78 -92.93
-12.88 117.50
-62.35 -145.04
69.23 -17.04
-32.42 81.98
15.73 176.92
-69.26 -124.63
-53.56 -111.34
-64.94 -131.23
-49.04 -87.17
-82.40 49.36
54.29 -113.80
-12.36 118.02
-77.85 75.02
54.00 -60.56
28.80 -162.59
-30.71 57.89
88.80 43.01
26.95 41.37
-19.06 194.23
18.87 7.35
-26.06 -6.02
35.57 -37.96
87.93 -59.91
7.62 18.67
-0.63 -127.52
52.29 113.36
3.34 -125.61
28.54 38.65
26.25 29.75
43.65 72.65
-40.38 -26.43
27.92 162.10
76.20 84.36
-78.87 -115.14
-18.63 34.17
96.66 -38.09
6.63 -81.46
-55.99 76.87
64.52 50.39
-87.58 -96.14
-4.62 167.56
8.67 -4.09
30.32 -149.30
28.71 -60.22
9.74 -166.42
-35.99 36.65
-38.94 -129.46
-19.34 -157.75
-50.95 -98.27
-58.60 146.57
-87.75 73.51
-67.58 -87.87
39.29 -178.89
-73.03 18.35
10.42 76.91
28.92 10.82
79.89 44.44
-75.72 -89.48
34.62 -129.12
46.54 42.60
-12.80 -156.17
21.24 -6.09
-85.80 -42.89
26.61 37.27
7.75 109.48
59.71 -112.07
-57.41 -100.22
33.28 -7.21
23.02 -63.67
-11.18 -55.95
-7.55 -17.15
69.97 5.37
-54.14 101.71
68.58 -114.38
-23.52 161.69
38.93 -129.34
-64.65 -134.29
34.50 120.03
11.91 -39.17
25.69 -118.17
-49.49 146.58
-47.28 7.51
45.79 -56.19
37.20 63.50
-74.35 43.92
-70.15 -36.90
83.94 -99.69
-77.11 79.12
-23.83 -168.76
-27.90 -131.84
89.24 75.35
-76.47 -99.36
30.70 -93.94
16.34 175.93
71.79 -35.84
60.10 62.32
21.25 -119.11
-26.59 20.08
61.06 94.40
73.97 -85.62
42.33 124.25
-18.14 -66.62
74.84 -119.90
41.13 -83.69
-58.86 125.57
3.32 -161.27
52.89 95.77
27.75 69.85
71.63 13.99
45.50 38.89
72.25 108.44
-88.84 -29.41
19.86 66.85
-56.11 -80.40
-52.64 60.62
-2.49 -198.80
-15.91 -34.92
90.31 -11.25
-7.48 -184.47
-71.59 -18.53
60.84 -46.14
95.73 7.81
40.27 129.91
52.46 123.17
-52.72 144.77
50.08 -65.65
33.75 -150.24
42.13 149.72
-14.08 31.77
27.41 -82.05
52.68 -31.34
37.74 -64.13
11.66 105.98
53.17 69.08
-82.21 84.47
-35.29 48.21
-68.10 -113.54
7.91 40.80
45.61 -83.31
60.14 -145.31
-16.03 -140.99
11.68 60.16
-70.48 -57.75
59.10 -29.71
-56.05 -51.41
-35.52 -94.69
96.28 -28.96
77.53 53.29
-57.10 110.01
8.99 11.72
16.43 -151.77
-86.83 19.31
-37.31 -29.03
32.21 143.35
28.26 181.78
2.15 1.20
58.05 74.17
34.72 -155.43
33.82 -84.47
37.22 14.34
90.95 23.92
46.01 -0.71
-59.09 33.23
-18.64 143.42
21.76 32.44
71.12 15.09
45.83 6.01
2.38 166.72
-18.09 -94.11
-99.38 3.14
37.68 -26.28
64.32 22.35
14.84 -168.77
-86.19 -5.92
-47.94 -79.36
27.12 -82.29
60.02 -140.75
78.88 -88.28
73.06 -132.56
59.36 29.69
-20.27 -123.88
-57.03 -136.63
-82.32 -87.27
55.15 -137.97
18.71 -30.62
-42.56 123.15
-33.74 -104.96
51.35 80.48
95.32 37.05
-66.32 -88.68
21.86 -173.69
1.39 163.07
97.88 11.86
24.64 8.86
33.35 24.57
-51.15 44.16
85.66 54.51
33.12 -97.30
22.25 -76.19
-21.50 15.66
-97.66 -13.46
-41.92 -50.63
-39.61 182.52
-15.19 -40.83
-27.27 -36.10
9.90 32.57
9.47 -116.82
-44.31 -155.19
57.89 -118.71
-11.60 -92.11
-49.27 173.96
69.31 -99.12
-73.17 -114.49
-12.60 113.87
-18.90 95.83
-0.71 197.11
-81.05 -70.26
14.46 -151.83
-49.33 -45.21
8.21 185.93
-37.90 79.38
-49.22 158.89
-15.48 -126.32
-19.98 -102.91
-5.06 -129.24
-15.87 -160.59
1.19 51.49
-18.63 34.00
84.46 -96.62
-9.22 -107.10
9.65 16.71
-46.80 79.00
35.24 48.81
-0.20 187.94
-55.78 7.47
-2.36 -182.67
-66.56 -7.14
32.24 133.45
-44.93 94.05
13.04 170.59
-81.99 -81.18
44.28 169.52
44.31 14.83
-28.12 44.37
47.31 107.73
4.41 -127.68
-81.01 95.04
-46.16 59.15
-43.64 119.93
-57.17 72.13
-35.56 89.61
16.35 8.98
-52.55 -67.09
-45.92 19.84
-22.22 131.80
-32.28 -109.48
22.92 -69.86
-92.12 39.96
-15.22 -119.83
55.77 -24.06
-72.37 34.83
27.36 -15.14
44.69 63.55
-61.05 19.68
-69.78 -83.41
-80.86 98.63
-67.42 -4.92
90.57 -7.75
-23.15 -134.80
-96.64 -10.60
71.61 111.54
14.07 -146.55
51.89 -60.63
12.32 17.83
64.35 16.04
-36.52 86.48
83.57 95.12
34.19 -119.08
-91.57 72.62
21.93 -3.50
-66.44 -124.36
0.84 148.54
14.55 43.48
27.69 -174.28
-32.93 100.35
8.51 -25.82
-11.99 -61.47
-81.24 -113.12
8.10 64.27
49.35 97.81
-23.07 -27.53
-50.61 -144.08
-21.94 -65.69
68.47 89.35
-73.12 21.59
-62.83 -109.08
-39.67 161.37
-54.53 -1.42
73.60 53.71
-4.31 -184.88
66.23 -18.18
7.83 -183.46
-2.52 108.52
35.51 114.67
10.05 -92.63
27.75 -160.63
-47.49 -101.91
60.63 23.46
70.01 10.80
70.63 -0.83
88.59 12.64
22.75 154.45
37.62 -179.77
-1.95 -6.31
-49.41 -153.29
50.56 -11.34
19.94 120.74
62.58 70.11
52.43 9.33
86.85 -50.12
49.64 -47.02
-34.98 160.15
69.72 -108.97
73.27 102.96
-77.70 87.11
-2.86 76.61
12.79 55.46
-0.73 -58.58
43.56 -159.67
32.40 -30.09
-57.61 13.06
-88.42 -64.02
-93.07 62.26
-94.77 -59.89
-48.35 -149.49
61.07 100.62
-17.59 127.44
38.51 36.86
59.17 -49.37
60.88 150.32
-4.84 -140.34
-38.55 -75.40
-56.74 119.04
28.53 33.75
54.93 -158.65
2.20 -165.03
-23.77 135.44
23.24 -13.97
-68.07 -97.60
59.49 -105.12
25.85 -26.37
-33.92 -162.34
3.19 27.64
5.52 154.49
18.40 77.28
-13.59 101.56
-14.89 -40.21
-91.76 -54.50
-33.86 -145.51
-25.66 -129.93
47.39 29.12
-30.33 13.77
-47.25 25.70
-63.48 17.53
-63.55 -2.60
41.10 -68.43
-24.26 -15.98
-24.75 -73.71
17.63 -41.19
0.15 98.62
8.18 67.48
-15.47 79.01
5.59 -140.67
0.71 -103.67
10.36 -69.20
-41.65 -31.19
8.36 135.79
-16.38 -135.44
-37.24 -62.56
-32.25 108.57
-80.36 25.26
20.20 -10.86
-62.42 16.32
17.31 3.32
15.07 -113.96
85.33 -96.46
21.61 -129.65
-90.14 7.67
-34.87 -19.08
-29.51 9.24
67.31 -102.88
17.51 -71.43
57.86 -150.54
41.52 68.30
85.38 -55.87
-56.44 -67.71
-92.89 5.23
-2.21 -123.39
84.12 -16.36
74.16 22.99
-34.24 -15.74
16.26 192.65
-76.94 -34.40
-38.43 -128.50
-56.28 42.15
-9.93 110.87
73.94 68.63
-38.31 62.51
-11.84 1.20
50.28 106.90
-30.58 -104.73
33.56 39.02
44.15 33.46
61.59 16.95
-3.00 -25.67
-92.09 -36.95
38.10 92.14
-63.27 43.09
30.71 67.21
-30.34 -35.65
13.63 171.64
30.63 162.02
-37.01 170.73
57.66 129.98
61.06 -67.13
63.80 -54.42
-31.60 -92.85
-54.70 27.19
-0.56 -88.08
31.72 -175.45
-63.60 -134.89
10.39 100.97
-11.40 -111.76
-45.24 -12.67
26.36 115.63
-62.85 67.30
-4.89 27.22
46.26 98.89
42.61 6.71
-75.53 -90.96
57.77 83.88
-55.48 -71.57
-79.98 -16.01
-38.24 15.63
74.09 -100.52
-6.95 -7.39
-18.03 132.83
61.28 -125.07
75.99 80.33
90.14 11.58
11.74 99.17
75.49 56.97
-64.72 20.63
17.81 142.08
6.46 110.32
-84.36 -103.95
-73.16 -34.67
8.45 99.33
47.04 -118.50
44.84 -1.32
-7.70 170.30
85.87 -81.65
45.09 -117.39
76.82 43.10
-84.06 60.25
44.64 109.83
28.62 95.13
-55.07 -24.95
-1.87 -151.35
-36.49 -142.79
-23.67 23.54
23.40 -32.61
-5.87 145.45
-62.50 -4.30
-35.45 -168.23
-20.23 -154.13
-57.74 -3.00
29.66 -101.14
-38.47 126.81
35.60 177.68
-9.36 -188.32
42.21 -178.11
6.17 -50.02
-68.80 -98.20
63.11 -79.37
-47.53 169.13
-84.44 -94.25
61.45 -63.81
54.66 -125.43
-98.00 4.03
-25.01 -86.54
88.61 79.28
-20.09 85.54
47.65 166.23
-47.57 -27.12
-39.26 -114.32
79.47 -57.49
-80.13 -4.65
-44.42 2.63
57.92 35.65
-46.03 -16.06
84.60 -103.52
-7.74 20.53
10.52 -2.54
-3.48 -79.34
42.54 -40.93
54.63 84.60
20.22 -63.79
19.05 169.17
-28.21 147.48
-31.55 153.28
84.01 65.83
-13.48 194.28
-10.65 -198.79
46.92 -15.74
22.79 -101.98
-53.20 -11.90
78.06 9.69
32.01 -153.76
-41.87 -103.85
27.77 -115.78
66.34 48.33
-36.41 84.27
35.42 130.80
-50.61 -151.60
55.60 2.19
-45.26 28.93
-86.91 72.34
-42.77 81.61
59.23 -106.49
27.96 -138.15
0.63 135.26
43.84 -79.36
-71.34 97.46
16.08 152.10
-96.61 47.99
62.33 106.82
-25.17 -82.42
60.12 122.38
83.02 -48.12
-30.72 143.33
-36.22 52.55
12.11 -174.10
97.93 -8.22
-35.06 62.57
-46.93 -160.88
77.26 -66.51
70.45 -49.38
-11.50 25.00
60.04 49.21
-40.48 -147.86
-21.70 86.28
-88.59 -20.26
-11.25 3.36
-34.57 1.26
-48.41 69.03
-3.14 9.93
53.14 -81.03
66.93 -40.80
-41.58 -0.38
-72.80 -93.54
43.34 146.62
55.44 -67.81
-41.61 -82.59
-8.57 102.90
77.32 126.26
21.01 150.62
-42.62 -50.33
22.84 -158.70
-32.24 -59.03
66.01 -26.31
51.61 86.25
-59.08 101.57
-0.84 107.39
72.98 -111.42
-25.34 164.77
9.14 -120.41
-68.36 -25.19
36.08 -6.36
65.44 110.35
-47.48 138.38
-76.48 85.26
31.75 167.61
40.88 88.67
87.93 -2.69
58.01 52.78
-8.22 -29.07
-4.67 139.64
-0.82 16.26
59.61 -137.95
60.87 -114.53
34.00 175.59
-66.91 -23.85
3.47 32.75
-72.30 -4.34
75.37 -77.52
-52.36 -154.50
65.76 -146.55
21.84 153.63
-69.41 -39.56
86.56 74.58
12.76 138.93
-87.76 66.71
45.77 -134.02
-7.84 21.48
-41.62 -9.65
-30.33 -177.40
47.69 -167.62
34.65 24.27
28.64 -69.25
-59.70 -71.72
-63.91 67.77
52.39 -120.66
-72.91 131.98
42.99 -122.92
37.41 -143.76
-66.49 119.35
-57.05 -83.80
45.81 -113.78
31.27 136.73
61.63 -10.48
36.37 -181.47
-71.73 -138.52
-34.12 -163.60
-26.54 43.98
7.66 60.92
75.37 -22.47
11.14 -190.51
-62.09 53.41
31.35 -11.76
35.55 -130.74
51.26 -151.64
-47.11 -8.17
98.95 -10.14
-11.10 121.27
-10.88 -92.74
13.90 -121.33
91.88 -41.17
78.41 -85.64
17.45 -123.97
19.22 -47.47
-24.66 -75.73
77.23 -26.68
-22.95 -14.66
33.37 55.77
50.19 -38.52
-21.84 -178.31
93.16 53.39
86.49 88.07
31.38 96.82
-16.73 -19.26
63.90 -8.60
-41.12 -110.77
-31.05 71.57
20.05 110.40
-27.89 161.57
27.48 -22.01
4.06 18.52
11.68 119.83
-21.94 -138.85
-62.47 128.12
-66.08 120.96
74.26 125.09
66.08 85.81
-84.90 -4.94
32.94 -174.21
-93.38 41.71
28.37 91.31
-67.15 107.02
38.40 -29.97
-5.89 137.42
20.70 119.77
-78.93 89.79
82.21 18.85
95.00 37.24
27.68 -36.21
39.37 115.39
-1.83 97.56
29.58 104.31
27.82 16.93
-66.13 136.84
75.80 -55.89
49.76 -96.58
-68.38 -32.79
-64.17 -19.59
8.45 180.92
-1.96 46.07
30.41 -176.40
-57.38 -85.30
21.25 154.09
46.56 82.35
2.37 -54.16
5.75 146.98
53.14 -9.07
18.72 -33.01
-74.05 -13.41
5.17 -130.63
15.09 57.57
27.49 -66.53
-27.06 -41.28
-45.03 11.13
-50.53 39.98
-22.86 140.83
-71.41 93.77
-16.21 146.64
-59.58 -145.95
-2.88 -34.75
-34.13 -176.58
56.86 116.47
-12.52 -73.46
56.37 -63.74
-34.75 113.50
-11.61 135.55
-18.09 -180.02
-18.76 144.37
-59.81 149.67
-80.85 -26.61
40.48 -150.63
87.28 56.07
-97.34 10.51
-55.33 85.47
40.29 -59.59
29.65 173.06
-47.95 120.15
-38.72 -161.95
-58.45 35.84
25.94 -82.30
5.15 143.48
33.28 161.95
-0.89 66.87
27.55 110.28
75.48 -129.93
-64.59 -66.18
-64.21 71.89
73.89 2.22
6.16 19.40
12.70 27.48
-23.30 172.32
62.03 147.30
-63.14 -31.36
68.88 -115.11
-17.07 -6.44
-64.09 45.16
-59.88 -84.76
72.22 78.46
56.04 -28.96
22.99 26.24
-85.06 9.00
69.46 -73.68
66.78 40.13
4.75 -24.57
-59.05 -122.83
-1.44 33.11
-68.38 24.53
-20.17 163.03
-97.90 -1.26
51.54 148.56
98.98 2.84
30.66 187.98
-24.05 -144.57
41.93 4.31
-96.33 -31.25
-45.78 -96.17
-66.28 -98.11
-65.73 -99.94
46.77 96.74
-0.42 -31.03
43.42 -138.39
-58.64 124.32
-33.24 42.16
-81.35 21.70
93.16 69.09
-12.53 37.73
-72.71 -6.31
-49.08 -19.83
-33.34 -68.47
-32.82 160.67
-14.90 -29.69
83.47 -86.71
59.14 139.54
-22.89 189.64
43.87 -116.39
-13.58 -108.76
-19.07 10.03
-2.00 37.63
64.39 -7.81
-30.59 166.48
9.78 -109.65
32.28 69.34
21.21 -193.57
54.75 89.82
2.26 60.39
-40.64 -50.36
31.48 -90.17
62.59 -154.24
-25.59 -32.68
-61.40 -125.00
10.84 -124.92
-88.69 -77.18
-55.97 -152.08
-78.63 39.06
-30.66 -104.33
92.14 59.10
-12.00 -59.99
41.56 -12.04
26.99 137.06
-45.82 43.19
-15.81 117.04
-31.11 177.69
-68.59 29.70
-41.87 -21.63
-8.28 79.77
-88.10 51.58
-43.78 -118.68
72.25 104.15
-94.27 -29.74
77.27 -18.66
-39.03 13.30
-54.00 160.71
48.67 -22.62
-8.31 -33.60
-25.47 162.27
-34.54 -103.90
-87.48 48.51
26.81 100.82
-39.44 1.76
-65.77 -134.10
-36.86 -1.98
78.04 69.49
-21.24 95.06
-57.67 -14.61
79.41 -6.13
-6.11 -71.93
-28.73 60.46
27.60 144.98
35.97 80.79
-26.94 -0.32
8.16 -48.18
-77.40 -98.96
-46.64 -97.56
35.06 -163.67
3.48 25.41
16.06 -55.44
-70.40 25.09
83.87 -72.77
-48.61 -145.09
-44.20 3.97
65.10 -55.02
70.38 53.96
69.88 93.60
-65.29 71.11
-36.41 159.19
-10.79 -79.72
43.41 97.34
23.95 -182.20
-57.73 -0.16
-63.73 41.84
-30.51 135.16
-52.76 -110.36
20.81 -124.60
-57.20 125.06
-41.16 147.65
78.39 -62.97
-1.07 176.42
-77.76 97.16
21.31 -171.69
52.78 106.64
-44.33 -111.10
-82.76 -104.31
-0.15 7.54
-8.88 -111.32
82.79 -90.36
6.71 -154.33
-45.49 138.70
86.76 -97.70
39.83 89.38
32.36 41.46
6.87 -149.09
4.05 -77.59
-1.23 170.51
45.37 172.35
46.81 -108.43
65.15 -95.57
4.29 -34.15
-9.03 41.41
-7.60 -45.94
3.19 10.42
-0.30 152.71
-5.59 72.74
18.63 169.97
-45.13 -111.72
-41.55 4.16
44.32 -29.23
16.02 62.39
81.85 25.68
-58.22 -49.93
-7.89 -65.17
-74.97 -102.20
42.81 115.52
52.54 88.91
94.30 58.55
38.65 139.53
14.22 185.97
-37.24 169.43
29.10 21.84
32.12 -35.78
81.09 -83.14
2.48 -74.65
-21.22 -60.44
-44.44 161.84
-51.68 159.72
8.79 -130.73
-53.52 -47.06
-10.83 -151.15
-46.37 157.06
-96.57 -49.56
6.04 -190.29
-3.77 57.96
-25.55 -106.27
52.93 -123.39
-20.11 123.79
36.12 183.99
39.71 -140.07
-61.30 -119.23
75.13 12.91
32.22 -115.48
-8.01 76.46
-84.21 40.34
-75.56 -9.11
-50.39 -39.06
-40.53 115.60
-21.63 8.03
54.98 -89.58
25.24 -166.31
-18.38 -20.19
-53.69 -116.99
-66.56 43.29
60.53 -68.83
0.39 -192.54
42.85 53.29
4.19 -89.73
32.21 -19.91
34.74 -35.53
66.96 128.53
-66.23 118.12
-78.27 -88.82
26.61 -123.88
18.35 10.24
-79.59 117.81
-26.33 71.72
26.70 151.58
-23.10 6.42
30.32 -37.73
-57.83 -6.01
70.66 91.90
20.20 -135.10
5.34 -86.08
-17.34 -98.74
27.70 -169.57
62.98 -118.42
1.52 94.06
15.01 -11.52
34.77 -86.46
88.36 -1.39
72.47 96.09
22.30 -164.27
-25.27 58.07
41.91 22.03
-4.93 57.38
4.36 -187.70
-56.14 -72.05
44.68 166.17
65.82 -114.63
-34.47 107.40
15.04 83.53
-16.78 155.61
-9.16 60.77
40.43 -172.18
-8.31 55.15
67.92 136.08
49.52 5.65
-59.08 -8.00
-9.32 -149.77
