-30.81 -96.92
-120.49 -26.62
-52.42 90.78
89.68 69.66
-114.20 -40.66
-107.20 51.44
16.74 99.10
-95.72 64.31
-103.66 55.88
-123.48 -15.57
124.94 3.06
23.03 98.29
-76.97 78.79
120.53 -26.49
-115.30 -38.62
96.37 -63.69
-67.49 -84.17
-124.90 4.03
111.90 44.57
122.02 -21.72
-108.65 -49.44
71.13 -82.23
113.54 -41.83
98.26 61.81
-37.11 -95.49
-118.54 31.74
81.59 -75.76
88.16 -70.89
120.18 27.50
99.29 -60.75
88.39 -70.71
-56.28 -89.29
-120.70 26.01
43.06 -93.88
2.10 -99.99
67.26 84.29
110.05 47.42
-70.12 82.78
74.85 -80.09
124.12 11.86
-75.46 -79.72
-118.05 32.89
50.48 91.48
-29.23 97.23
-119.42 -29.54
-101.82 -58.01
15.91 99.19
124.99 -1.38
-118.80 -31.10
-88.58 70.56
-120.85 25.55
-119.64 -28.98
35.69 95.84
-43.44 -93.77
-40.94 94.49
106.51 52.34
75.40 -79.76
-17.92 98.97
-51.04 -91.28
-105.77 53.29
-124.39 -9.88
-83.48 74.43
69.75 -82.99
-89.63 -69.70
65.70 -85.07
39.23 -94.95
99.94 60.07
-51.02 91.29
-16.92 -99.08
-56.79 -89.08
-115.24 38.74
-54.17 -90.12
65.72 85.06
-118.19 -32.56
-12.31 99.51
-124.26 10.87
-98.11 -61.96
-85.31 73.09
42.46 94.05
-12.23 -99.52
-24.17 -98.11
-122.58 -19.60
-108.54 -49.60
41.61 -94.30
52.11 -90.90
-88.21 -70.85
25.55 97.89
-75.88 79.47
-65.43 -85.20
117.56 -33.99
47.84 92.39
29.77 97.12
-99.70 -60.32
104.69 -54.63
-45.86 -93.03
63.53 86.12
13.41 99.42
39.95 94.75
-31.71 -96.73
116.48 -36.28
69.90 82.90
111.25 45.59
25.96 97.82
-81.73 75.66
-92.68 67.10
-118.59 -31.61
-117.83 -33.39
61.86 -86.89
-51.79 91.01
81.62 -75.74
-125.00 0.26
71.93 -81.79
-80.36 76.60
-122.21 -21.02
-115.15 38.90
-124.54 8.61
-27.62 97.53
35.48 -95.89
98.16 61.92
124.67 7.23
124.99 1.31
49.71 -91.75
91.84 -67.84
-124.88 -4.32
-118.07 -32.84
57.01 -88.99
118.47 -31.90
-75.14 79.91
84.55 73.65
-122.99 -17.87
-107.38 51.19
-121.75 22.67
83.73 74.25
-82.54 75.10
56.42 89.23
86.46 -72.22
-97.57 62.51
-123.13 -17.22
-62.25 86.72
-113.12 -42.54
123.97 -12.78
123.23 -16.76
70.08 -82.81
-67.26 84.29
-124.90 -3.92
-66.77 -84.54
58.54 88.36
-124.95 -2.70
-11.85 99.55
111.96 44.47
124.81 -5.56
-5.96 -99.89
47.74 -92.42
-27.01 97.64
118.55 -31.71
54.71 89.91
-50.27 91.56
-20.46 -98.65
-110.36 46.95
-122.51 -19.87
54.21 -90.11
26.49 97.73
-97.87 62.21
124.65 -7.43
49.74 91.74
44.24 93.53
-63.25 -86.25
28.40 -97.38
121.02 25.03
121.37 -23.94
16.07 99.17
49.72 -91.75
-59.40 -87.99
-86.82 71.95
61.68 86.98
37.18 -95.48
36.56 -95.63
124.67 7.28
90.62 68.88
69.03 -83.37
110.92 46.11
122.34 20.51
35.43 -95.90
-5.66 99.90
124.54 8.56
-105.57 53.54
-23.17 -98.27
-44.58 93.42
-121.18 -24.53
55.30 -89.68
-103.55 -56.01
102.30 -57.46
-107.68 50.79
-65.82 -85.01
102.94 -56.72
119.14 30.27
119.91 28.23
53.80 90.26
-52.43 90.78
93.92 -65.99
89.33 -69.95
117.29 34.58
118.55 -31.71
69.50 83.12
-115.03 -39.13
80.90 76.23
92.30 -67.43
79.68 77.05
111.84 44.66
18.23 98.93
-38.60 95.11
-22.47 98.37
104.13 55.32
-114.16 -40.74
55.07 89.77
10.66 -99.64
116.07 37.13
109.68 -47.97
-70.75 -82.44
-77.65 -78.36
-9.46 99.71
-104.76 -54.56
-121.62 23.09
-11.02 -99.61
108.59 -49.54
96.67 63.40
69.09 83.33
29.83 -97.11
88.17 -70.88
123.20 -16.93
65.24 -85.30
115.10 -39.00
-81.49 75.83
117.00 35.20
123.91 13.19
104.45 -54.94
108.68 -49.41
11.54 99.57
120.79 25.73
124.72 -6.73
36.55 -95.63
68.63 -83.58
66.01 84.92
-108.98 48.98
122.55 19.70
-36.81 95.57
33.67 -96.30
-117.10 -34.98
54.26 -90.09
39.06 -94.99
-112.27 43.97
-107.10 -51.56
37.88 -95.30
-9.34 -99.72
-7.32 -99.83
-3.24 -99.97
-119.69 28.85
-120.14 27.62
-79.86 -76.93
119.58 29.14
-19.72 98.75
124.18 -11.40
-97.91 -62.17
-116.99 -35.22
-56.62 -89.15
-102.65 -57.07
103.20 -56.43
-29.03 -97.27
11.76 -99.56
-62.43 -86.64
-106.21 52.72
61.36 -87.12
16.45 -99.13
-65.88 -84.98
93.06 -66.76
-40.76 -94.53
107.19 51.45
47.21 92.59
-98.71 61.35
-56.73 -89.11
-33.25 96.40
56.67 89.13
124.77 6.12
-23.57 98.21
-124.96 2.37
-104.61 54.73
122.28 20.75
-83.24 74.60
67.82 84.00
11.45 99.58
124.93 3.39
106.01 52.99
-70.47 -82.59
-70.29 -82.69
31.58 -96.76
67.75 -84.04
-28.54 -97.36
-124.83 5.16
49.31 -91.89
60.86 87.35
61.94 86.86
38.84 95.05
-116.95 35.30
21.26 98.54
-34.46 -96.13
109.87 -47.68
-70.52 -82.56
106.93 -51.79
0.33 -100.00
-105.73 53.35
81.36 -75.92
125.00 -0.70
-118.69 31.38
-98.79 61.27
-88.09 70.94
-116.89 35.43
0.94 100.00
14.42 99.33
-26.22 -97.78
20.60 98.63
45.63 93.10
-124.94 -3.02
-101.46 58.40
123.33 16.30
41.33 -94.38
-80.43 -76.55
91.00 -68.56
-99.77 -60.24
42.35 -94.09
124.96 -2.47
-39.13 -94.97
-101.55 -58.31
71.06 82.27
118.21 -32.51
-115.66 -37.93
72.18 -81.64
124.30 10.60
5.14 -99.92
78.70 -77.69
-19.90 98.73
-112.86 42.99
122.86 -18.44
-124.50 -8.94
-116.09 37.08
-39.87 94.78
56.33 89.27
34.37 -96.15
18.91 -98.85
-46.23 -92.91
107.59 50.91
123.79 -13.86
75.53 -79.68
-19.86 98.73
23.94 -98.15
53.87 90.24
-24.58 -98.05
-88.79 -70.39
114.28 -40.52
-124.18 -11.43
49.58 -91.80
106.63 -52.19
-40.37 -94.64
118.69 31.38
-83.11 -74.70
95.22 -64.79
73.73 -80.75
-53.97 -90.20
-10.20 -99.67
69.36 -83.19
-52.48 -90.76
-95.91 64.13
77.43 -78.50
-123.41 -15.92
-106.12 -52.84
-30.97 -96.88
-101.11 -58.80
122.88 18.36
111.69 44.91
124.68 7.14
43.09 93.87
120.80 25.70
-82.41 -75.19
-108.12 -50.18
-110.66 46.51
86.60 72.11
42.47 94.05
-121.22 24.41
-85.80 72.72
114.21 40.64
120.38 -26.94
-27.69 97.52
101.08 -58.83
-119.73 28.74
25.53 97.89
1.42 -99.99
124.02 -12.51
49.14 -91.95
-42.93 -93.92
-121.97 -21.90
-124.59 8.11
-8.25 -99.78
-104.44 54.94
-3.45 -99.96
119.21 -30.08
90.40 69.06
-118.04 32.90
44.42 93.47
41.19 94.41
108.59 49.53
-118.79 -31.13
124.12 11.83
-95.76 -64.27
67.94 -83.94
-30.84 96.91
120.31 -27.14
18.78 -98.86
109.76 -47.85
-102.57 -57.15
111.92 -44.53
124.98 1.68
-40.73 -94.54
-19.90 -98.72
-117.13 34.92
-36.86 95.55
-124.99 1.08
64.68 -85.57
-119.12 -30.31
-119.63 -29.00
-98.87 61.19
121.43 -23.73
122.83 -18.57
86.33 -72.32
121.43 -23.72
-98.08 62.00
-75.37 -79.78
-3.27 -99.97
83.47 -74.44
10.04 -99.68
-122.10 -21.42
-113.09 -42.60
-85.65 -72.84
-85.78 -72.74
-121.92 -22.05
72.56 81.43
113.99 41.04
-3.31 99.96
-44.17 93.55
84.37 -73.78
-59.02 -88.15
-85.55 72.91
-116.16 36.94
-124.94 3.01
-44.33 93.50
33.58 96.32
-124.81 -5.54
-81.81 -75.61
-124.24 11.00
33.99 -96.23
-20.28 -98.67
-102.58 -57.15
22.50 -98.37
-101.44 -58.44
-87.76 71.21
55.34 89.67
-11.66 -99.56
-9.94 99.68
111.94 44.50
-109.51 48.22
4.69 -99.93
-124.08 -12.12
47.13 92.62
116.68 -35.86
83.41 74.48
-48.99 92.00
81.78 75.63
104.28 -55.14
119.62 -29.02
-118.83 31.04
124.73 6.60
40.21 94.68
-124.87 -4.53
80.19 76.71
101.36 58.52
123.89 13.27
45.96 -92.99
117.08 35.03
-96.25 -63.80
100.45 -59.51
71.31 82.13
39.89 94.77
-31.53 96.77
6.81 -99.85
11.36 99.59
110.40 -46.91
-117.34 -34.48
-121.22 -24.39
108.09 50.23
-13.58 -99.41
-57.19 88.92
64.30 85.75
-119.75 -28.68
10.03 99.68
96.69 63.38
-56.08 -89.37
-0.94 -100.00
23.10 98.28
-90.94 68.61
118.81 -31.08
-79.21 -77.36
91.13 -68.44
-74.99 -80.01
-86.12 -72.48
-24.81 -98.01
51.98 -90.95
-91.56 68.08
5.23 99.91
-79.75 -77.01
49.99 -91.66
-120.34 -27.04
69.84 -82.93
-90.55 68.93
-122.36 -20.44
-121.65 -23.00
-100.15 59.84
93.62 -66.26
-124.42 9.66
-93.93 65.98
-104.88 54.41
-117.25 -34.67
-55.83 89.47
-85.30 73.10
101.16 -58.74
53.85 -90.24
-92.37 -67.38
105.15 -54.07
104.48 -54.90
123.46 -15.67
-52.68 -90.68
20.30 98.67
-41.77 -94.25
84.21 -73.90
-124.65 7.46
120.35 27.01
95.54 64.48
81.94 75.52
-65.67 -85.09
62.29 86.70
-89.73 -69.62
-32.96 96.46
125.00 -0.13
92.57 67.20
-67.85 -83.99
-104.56 -54.79
116.87 35.47
-43.14 -93.85
-113.23 42.36
124.54 -8.55
122.13 21.32
102.59 -57.14
-11.20 -99.60
-83.17 -74.65
52.45 -90.77
44.40 -93.48
92.55 67.21
124.62 7.80
-36.24 -95.70
124.90 3.92
-117.36 34.44
-124.52 8.71
115.54 -38.17
110.48 -46.78
90.22 69.22
83.86 -74.16
115.21 38.80
124.99 1.35
-108.37 -49.84
-124.92 -3.52
-90.51 -68.97
52.80 90.64
124.94 3.09
95.66 64.37
-119.65 -28.95
103.94 -55.55
61.67 86.98
-124.43 -9.54
-55.69 -89.53
62.44 86.63
113.37 -42.12
-116.33 -36.59
63.32 -86.22
8.31 99.78
9.60 99.70
-6.86 -99.85
-78.26 -77.97
41.21 94.41
-114.67 -39.81
21.62 -98.49
47.24 -92.58
-124.97 2.01
-119.22 -30.04
-13.45 99.42
-13.89 99.38
-1.78 99.99
27.74 -97.51
122.84 18.50
-71.62 -81.96
-26.35 -97.75
-74.97 80.02
17.56 99.01
-108.33 -49.89
-121.68 -22.91
120.89 -25.44
-61.55 87.04
96.86 -63.21
-113.68 -41.58
-100.40 59.57
124.57 8.27
-20.39 -98.66
-6.33 99.87
53.05 -90.55
-75.18 -79.89
109.33 -48.48
75.14 -79.92
-44.57 -93.43
-124.69 -7.01
71.89 -81.81
-60.97 87.30
-124.02 12.50
-103.77 -55.75
93.78 -66.12
-123.92 -13.11
-47.77 92.41
122.43 -20.19
-97.73 -62.35
-37.95 95.28
98.52 -61.55
-115.01 39.18
-124.98 1.76
-119.26 29.95
-110.10 47.36
-118.37 32.13
45.23 93.23
-116.58 -36.07
123.97 -12.82
-87.14 -71.69
48.07 -92.31
-124.05 12.29
-73.52 80.87
-3.01 -99.97
-74.91 80.05
96.70 -63.37
-122.63 -19.38
6.10 -99.88
-24.66 -98.03
-72.63 81.39
-121.04 -24.97
-94.27 65.66
63.87 -85.96
-87.54 -71.38
21.28 -98.54
90.84 -68.69
-51.76 91.02
124.94 -2.98
15.37 -99.24
38.22 -95.21
124.71 6.80
45.32 93.19
53.69 90.31
105.94 53.08
-48.01 -92.33
-35.97 95.77
40.72 -94.54
20.31 98.67
49.79 -91.73
-53.88 -90.23
54.81 89.87
-84.35 73.80
14.15 -99.36
-27.20 -97.60
123.48 -15.52
-123.46 -15.63
-123.82 13.68
-124.29 10.65
123.87 13.44
91.64 68.01
-47.81 92.40
122.77 -18.82
-101.67 -58.18
-41.78 94.25
121.38 -23.88
69.14 83.31
74.59 80.25
2.33 99.98
99.23 60.82
90.42 69.04
-113.08 42.62
65.46 -85.19
-78.73 77.67
-25.16 97.95
124.78 -5.99
124.71 6.85
3.91 99.95
-87.13 -71.70
-124.64 7.54
-124.83 -5.28
-67.47 84.18
20.75 98.61
-19.07 -98.83
75.99 -79.40
25.58 97.88
117.35 34.45
-43.71 93.69
-76.13 -79.31
-27.88 -97.48
102.56 -57.17
122.24 20.91
-123.89 13.31
-1.55 99.99
-52.21 90.86
-119.53 -29.26
-116.97 35.26
-95.30 -64.71
42.05 94.17
99.12 -60.93
-123.06 17.54
-41.71 94.27
-41.64 94.29
-45.44 93.16
-31.77 -96.72
-112.97 -42.81
-120.12 -27.66
-57.27 88.89
-69.02 83.37
124.96 2.48
-108.04 -50.29
121.35 24.00
-46.72 -92.75
14.73 -99.30
-109.96 -47.55
-36.06 -95.75
9.52 99.71
-7.96 -99.80
37.56 -95.38
35.47 95.89
-73.20 81.06
-124.94 -3.16
60.89 87.33
60.75 87.40
112.56 43.49
-49.81 91.72
-120.56 26.41
83.65 74.31
-78.11 78.07
-97.26 -62.81
-112.82 43.05
-76.58 -79.03
-35.98 95.77
3.29 -99.97
41.28 94.39
-9.42 -99.72
-84.97 -73.34
-100.69 -59.26
-22.67 98.34
-27.90 97.48
-124.05 -12.32
44.46 -93.46
100.56 59.40
-87.21 -71.64
-55.82 89.47
-100.02 -59.98
-124.65 7.52
-104.42 54.97
21.48 -98.51
-105.20 54.01
46.71 92.76
-116.11 37.05
-13.19 -99.44
18.34 -98.92
-108.24 50.02
88.48 -70.64
-45.17 -93.24
124.94 2.99
-24.28 -98.10
-123.89 13.31
-12.41 -99.51
-75.62 -79.63
38.91 -95.03
-44.27 -93.52
-93.04 66.78
-78.30 -77.95
61.59 -87.02
81.29 -75.97
-63.49 86.14
43.48 -93.75
-74.72 80.17
-79.98 76.85
-57.39 -88.84
7.36 -99.83
-124.81 5.48
-41.96 94.20
119.00 -30.61
-109.51 48.22
-123.14 -17.17
104.73 -54.59
77.56 78.42
118.33 -32.22
-38.78 -95.06
87.98 -71.04
-7.96 -99.80
-113.94 41.12
-102.88 -56.80
-63.68 86.05
-96.36 -63.70
118.61 -31.56
66.58 -84.64
43.40 93.78
120.96 -25.23
33.94 96.24
-116.53 36.19
108.80 -49.23
30.85 96.91
112.96 42.82
124.89 4.19
2.42 -99.98
122.63 -19.38
-85.05 73.28
-105.56 -53.56
114.69 -39.76
-124.33 10.33
98.58 -61.49
-48.13 92.29
-12.96 -99.46
-116.89 35.44
68.14 83.84
21.77 98.47
94.79 65.19
12.39 99.51
-100.24 59.74
-92.14 -67.58
-52.62 -90.71
-37.70 -95.34
-91.18 -68.41
51.82 91.00
-121.16 -24.61
-2.06 99.99
-124.86 -4.70
58.59 -88.33
-123.47 15.59
40.44 -94.62
34.35 -96.15
-100.86 -59.07
-28.14 -97.43
118.16 32.62
81.57 75.77
-115.54 -38.16
-124.89 -4.11
-47.58 92.47
-75.72 79.57
-37.52 95.39
-106.56 -52.27
92.93 66.88
120.87 25.48
121.79 -22.51
-61.10 87.24
-38.57 95.12
7.76 99.81
-119.44 29.50
46.72 -92.75
-124.49 8.99
25.66 -97.87
51.28 91.20
106.26 -52.67
6.35 -99.87
-58.91 -88.20
-115.85 37.56
-122.28 -20.76
-97.15 62.93
123.62 -14.83
115.65 -37.95
-56.00 89.40
-99.14 60.91
-45.30 93.20
124.98 1.69
88.82 70.36
124.95 -2.79
-119.28 -29.90
90.79 -68.74
-54.70 -89.92
105.10 -54.14
-114.71 -39.74
-38.64 -95.10
-43.01 -93.89
25.32 97.93
-95.62 64.41
-51.23 -91.22
73.74 80.75
53.71 90.30
-15.38 99.24
-8.83 99.75
-118.63 31.52
-72.52 -81.45
-97.81 62.26
49.66 -91.77
-119.03 -30.53
-124.73 -6.54
-115.08 -39.04
-12.21 -99.52
-111.90 44.56
-123.29 -16.50
-117.26 34.63
123.71 14.34
56.88 -89.05
14.01 99.37
49.22 -91.92
-120.26 -27.28
11.16 99.60
89.19 70.06
121.74 -22.70
-119.11 30.34
125.00 0.27
-33.33 96.38
55.06 -89.78
121.99 -21.80
39.44 -94.89
-34.32 -96.16
-120.71 -25.97
91.71 67.95
7.26 -99.83
124.61 7.94
104.11 55.34
124.72 -6.75
7.06 -99.84
-30.94 96.89
56.24 -89.31
-0.90 -100.00
45.15 93.25
114.73 39.70
37.31 -95.44
-48.96 -92.01
-93.75 -66.15
38.72 95.08
85.86 -72.68
-0.76 -100.00
124.90 4.08
-25.36 -97.92
114.14 40.77
116.83 -35.56
-123.60 14.94
123.06 -17.54
93.06 66.77
-104.73 -54.60
33.98 96.23
9.42 -99.72
-123.32 -16.34
27.10 -97.62
-73.63 -80.81
50.61 91.44
82.06 -75.43
-116.90 -35.41
9.18 -99.73
119.66 -28.91
-123.50 15.46
-73.78 80.72
-47.29 -92.57
-66.97 84.44
-120.95 -25.26
-120.29 -27.20
-113.52 -41.85
106.60 -52.22
-75.72 79.57
84.43 -73.74
36.01 -95.76
-123.45 -15.72
-51.74 91.03
-20.32 -98.67
-123.18 17.00
-107.10 51.56
-64.94 -85.44
-116.85 35.51
55.73 89.51
13.42 99.42
-124.98 -1.92
92.20 67.52
99.59 -60.44
17.60 -99.00
73.74 80.75
-113.14 -42.52
-83.68 -74.28
76.28 -79.22
123.78 13.93
-124.60 -8.03
115.94 37.39
119.12 30.30
124.23 11.06
-107.75 50.70
-122.41 20.25
39.10 94.98
81.24 -76.00
115.60 38.04
117.22 -34.73
-49.12 -91.96
110.01 47.48
104.84 54.45
-122.94 18.08
95.32 -64.69
-102.59 57.13
15.21 99.26
-124.69 -7.04
-81.52 75.81
97.13 -62.94
-88.53 70.60
112.33 43.86
106.65 52.15
106.47 -52.40
124.34 10.30
-66.57 -84.64
-90.77 68.76
123.16 -17.09
-121.23 24.36
-4.19 -99.94
-31.58 96.76
111.81 44.70
-102.21 57.57
-14.12 -99.36
-79.08 77.44
2.37 99.98
-85.69 72.81
108.61 49.50
42.27 94.11
57.16 -88.93
-14.11 -99.36
-68.48 -83.66
-19.25 -98.81
121.62 23.09
-118.82 -31.05
13.97 -99.37
-29.46 -97.18
-123.06 -17.55
-106.57 52.27
55.00 -89.80
122.32 -20.61
116.72 35.78
-48.35 92.22
-122.17 -21.16
-47.65 92.45
-83.39 -74.49
87.37 -71.52
124.96 2.60
91.34 -68.27
120.55 26.46
-46.32 -92.88
107.16 -51.48
117.64 -33.81
-49.46 -91.84
-90.35 -69.10
-67.94 83.94
82.87 -74.86
2.05 -99.99
124.82 5.33
99.90 -60.10
95.53 64.50
-124.95 2.89
-62.52 -86.59
114.93 39.33
-124.84 -5.12
-91.38 -68.24
33.63 96.31
124.65 -7.44
99.76 60.26
-70.27 -82.70
33.74 96.29
20.08 -98.70
38.79 95.06
-62.84 86.44
112.89 -42.94
-94.07 -65.86
107.26 51.35
46.32 92.88
-110.94 -46.07
57.68 -88.72
113.31 -42.22
41.04 94.46
26.58 97.71
-72.39 81.52
95.12 -64.88
-112.54 -43.53
7.26 99.83
45.52 -93.13
-30.61 96.96
-31.70 96.73
-100.85 59.08
104.83 -54.47
120.68 -26.07
38.25 -95.20
89.39 -69.90
29.04 -97.26
-63.25 86.25
58.71 -88.29
124.15 11.66
118.35 -32.19
108.31 49.93
14.67 -99.31
-116.63 -35.98
-36.97 95.53
107.59 50.91
101.64 -58.21
-55.20 -89.72
-113.72 41.52
36.13 -95.73
-19.01 98.84
58.63 88.32
-124.54 -8.57
115.39 -38.46
105.41 53.74
-115.90 -37.47
72.98 -81.19
69.90 -82.90
-105.61 -53.49
1.09 100.00
103.89 55.60
55.94 89.43
2.66 99.98
124.57 -8.25
116.97 -35.26
64.47 85.67
-123.40 -15.95
-124.24 10.99
-124.86 -4.78
-119.43 -29.51
93.58 66.30
102.96 -56.70
103.21 -56.41
-99.56 -60.47
-107.73 -50.71
0.89 -100.00
87.36 71.53
-124.60 -7.96
97.60 -62.48
119.84 28.43
-76.19 79.28
-123.73 -14.23
-3.02 -99.97
65.93 84.96
-90.61 68.89
-96.14 63.91
-90.24 69.20
102.87 56.81
-113.19 -42.43
-40.26 94.67
116.74 35.74
10.96 99.61
97.20 62.87
-61.76 -86.94
15.43 99.24
117.62 -33.84
-124.21 -11.26
74.66 80.20
-53.06 -90.54
119.83 28.47
31.95 96.68
-121.02 -25.03
124.85 -4.90
43.11 -93.86
52.22 -90.86
117.64 -33.81
-53.27 90.46
-78.33 -77.93
-87.64 -71.30
-78.44 -77.86
-78.67 77.71
-124.90 4.00
121.01 25.07
51.02 91.29
18.46 -98.90
123.13 17.21
-49.36 91.87
-108.62 49.49
86.75 72.00
98.97 61.08
-58.99 -88.17
108.03 -50.30
-124.99 -0.97
-118.61 -31.55
109.63 48.04
-11.00 99.61
117.30 34.55
93.57 66.31
57.60 -88.75
-52.17 -90.87
-29.90 97.10
-13.93 -99.38
-107.03 -51.65
-117.23 34.70
-115.41 38.42
95.39 -64.62
-98.86 61.20
-125.00 -0.89
-119.84 28.44
29.73 97.13
-58.95 -88.18
-96.46 -63.60
79.01 77.49
84.33 73.82
101.05 -58.87
-106.38 -52.50
55.60 89.56
81.27 -75.98
89.59 -69.74
-4.54 99.93
-46.45 -92.84
112.08 44.28
2.70 99.98
-90.58 68.91
3.03 -99.97
121.48 23.58
-120.87 -25.49
-96.16 63.89
-25.57 97.88
70.91 82.35
25.94 97.82
-80.11 76.76
45.40 -93.17
40.36 94.64
46.26 92.90
104.70 54.63
-123.66 -14.58
-61.36 -87.12
101.44 -58.44
-98.44 -61.63
-72.79 -81.30
-70.24 82.72
121.63 23.08
113.40 42.06
-85.41 -73.01
51.38 91.16
61.01 -87.28
-94.15 -65.78
92.09 67.62
113.39 -42.09
28.67 97.33
-66.38 -84.73
-11.73 99.56
-122.14 -21.28
124.63 7.73
-122.66 19.27
-69.59 83.07
-32.86 96.48
-122.82 -18.60
-113.57 -41.77
-38.46 -95.15
57.01 89.00
-124.70 6.96
-110.97 46.04
92.03 -67.67
-113.34 42.17
13.42 -99.42
120.86 -25.52
-95.06 64.94
-22.15 -98.42
124.77 -6.12
63.84 85.97
61.94 86.86
17.30 -99.04
99.41 -60.62
-123.62 -14.81
-22.58 98.35
51.29 91.19
-82.01 -75.47
-124.96 -2.38
3.66 -99.96
-123.44 -15.73
120.68 -26.05
124.21 -11.22
112.97 -42.81
124.60 8.02
59.70 -87.86
-120.30 27.17
-68.83 83.48
88.69 70.47
-20.65 -98.63
28.31 97.40
122.75 -18.90
-4.26 99.94
-124.94 3.08
-30.99 -96.88
85.95 -72.61
-9.56 99.71
73.59 -80.83
-107.19 51.45
-96.66 -63.41
115.14 38.92
124.97 2.04
124.99 0.90
41.35 -94.37
-111.95 44.48
-124.21 11.19
-14.99 99.28
34.35 96.15
-94.24 65.70
-120.58 26.36
-40.74 -94.54
-16.89 99.08
113.96 41.10
-22.37 98.39
54.72 -89.91
-66.80 -84.52
-124.05 -12.30
122.74 18.91
-120.37 26.97
76.61 -79.02
73.85 80.68
-99.39 60.65
-89.85 69.52
70.99 -82.31
107.98 50.38
-122.20 21.06
119.88 28.31
-124.93 -3.24
-83.34 -74.53
62.11 -86.78
81.38 -75.91
-122.11 -21.38
-0.13 100.00
-52.96 -90.58
-124.99 -1.50
105.43 53.72
-38.91 95.03
-83.92 -74.11
-23.79 98.17
122.44 -20.12
66.06 84.89
32.52 -96.56
-24.79 -98.01
15.83 -99.19
122.29 -20.72
124.92 -3.53
-31.43 96.79
-106.25 -52.67
-95.53 -64.49
1.56 99.99
101.26 58.63
-112.84 43.02
78.83 77.61
117.35 -34.46
42.61 -94.01
105.58 -53.54
-96.42 63.64
83.16 74.66
124.83 -5.15
116.03 -37.20
123.82 13.73
-124.68 -7.17
122.14 -21.28
-9.01 99.74
110.98 46.01
-26.86 97.66
-117.25 -34.65
-15.06 -99.27
-117.14 34.90
-3.67 -99.96
114.10 -40.84
-64.37 -85.72
-68.61 83.59
-122.94 -18.08
-123.04 -17.65
84.79 73.48
-112.58 43.46
51.68 -91.05
101.95 -57.86
51.93 -90.96
98.25 -61.82
-90.90 -68.64
-49.47 91.84
111.87 -44.62
-4.67 -99.93
8.16 -99.79
30.12 -97.05
-118.75 31.24
-18.34 -98.92
-123.90 13.23
-119.10 30.36
-124.99 1.09
110.34 46.99
-121.85 -22.29
12.55 99.49
49.95 91.67
124.99 -0.91
-112.38 -43.78
89.71 69.64
44.89 93.33
30.75 -96.93
-63.47 86.15
112.63 -43.38
41.44 -94.34
23.26 98.25
-114.59 -39.95
-50.56 -91.45
102.75 -56.95
16.72 99.10
-125.00 -0.56
-120.29 27.18
-116.73 -35.77
124.80 -5.69
83.82 -74.18
-114.02 -40.99
-64.75 -85.54
77.94 -78.18
74.02 80.58
16.70 -99.10
-124.39 -9.84
-95.56 -64.47
44.93 93.32
-81.08 76.11
105.50 53.63
-121.02 25.05
88.68 -70.48
110.55 -46.68
-123.39 -15.97
124.25 10.93
-82.02 75.47
114.35 -40.39
-124.88 -4.41
-42.34 -94.09
22.69 98.34
-12.94 99.46
-124.42 -9.66
124.98 -1.74
-124.89 -4.20
10.81 99.63
-105.95 53.06
123.38 -16.06
-51.56 -91.09
-116.72 -35.78
122.48 -19.98
50.08 91.62
72.03 81.73
-112.61 43.40
-122.91 18.22
106.42 52.46
-74.27 80.43
-121.20 24.46
113.35 42.15
57.72 88.70
83.73 74.25
94.05 -65.87
82.39 75.20
109.77 47.83
-64.52 85.65
-92.85 66.95
22.06 98.43
-98.77 -61.29
-49.93 -91.67
-3.25 -99.97
-92.38 -67.37
122.95 18.04
124.88 -4.34
-120.65 26.16
76.94 78.81
99.07 -60.98
-118.84 -31.01
-124.13 -11.76
-72.45 -81.49
112.23 -44.03
116.36 36.53
-7.16 -99.84
42.34 94.09
42.28 -94.11
123.15 -17.16
-41.08 -94.44
-72.51 -81.46
45.06 -93.28
-50.73 91.39
34.11 96.20
106.75 52.03
-2.05 99.99
116.09 -37.08
9.02 99.74
-80.35 76.60
-28.51 -97.36
-119.89 -28.29
-26.37 -97.75
92.00 -67.69
45.26 93.21
-75.17 79.90
-107.47 51.07
95.56 64.47
-105.61 -53.49
-65.11 -85.36
117.35 34.45
-118.63 -31.51
106.87 51.87
-95.81 -64.22
-43.42 -93.77
-63.74 -86.02
-89.28 69.99
-71.07 82.27
16.95 99.08
61.56 87.03
12.34 99.51
-124.30 -10.54
16.05 99.17
-78.22 -78.00
-119.85 28.42
-1.07 100.00
115.46 38.31
-122.00 -21.79
31.36 96.80
-60.31 87.59
-48.77 92.08
-102.82 -56.87
50.63 91.43
-40.09 -94.72
-123.29 16.47
94.22 -65.71
-85.86 -72.68
121.30 24.14
33.36 -96.37
102.75 56.95
-71.92 81.79
118.24 -32.43
4.61 99.93
-90.11 -69.30
-64.02 -85.89
-43.61 93.72
12.99 -99.46
104.29 55.13
90.37 -69.09
-107.89 -50.50
-116.90 -35.41
70.41 82.62
124.73 6.53
-58.79 88.25
-35.39 95.91
-121.47 23.59
-63.32 86.22
71.29 82.14
-104.62 -54.72
-23.09 -98.28
-88.33 -70.76
-120.59 -26.32
-107.62 -50.87
-81.48 75.84
-96.32 63.74
28.73 97.32
52.94 90.59
123.38 16.07
-104.89 -54.39
-46.72 -92.75
121.61 23.12
69.62 83.06
112.54 43.52
120.67 -26.10
16.67 -99.11
-32.50 -96.56
-110.53 46.71
-60.07 87.69
-117.64 -33.80
13.46 99.42
122.77 18.79
-6.76 -99.85
95.24 -64.77
-124.31 -10.47
-122.69 -19.14
123.60 -14.93
-124.95 2.96
122.40 20.30
-38.84 95.05
119.67 28.89
120.02 -27.94
78.62 77.75
105.82 53.23
32.83 96.49
-34.28 96.17
73.14 -81.09
-114.84 -39.50
-109.51 -48.21
-118.77 31.18
42.24 94.12
-21.34 98.53
-124.94 -3.02
-82.28 75.28
124.89 4.16
85.91 72.64
76.26 79.23
-76.05 -79.36
28.24 97.42
119.52 -29.27
-2.86 99.97
-124.95 -2.89
-89.74 -69.61
8.98 -99.74
94.16 -65.77
120.16 -27.54
-39.27 94.94
117.64 -33.81
118.52 31.77
-110.49 46.76
71.89 81.81
3.74 99.96
-42.73 93.98
45.67 93.09
112.57 -43.47
-64.78 85.52
-44.62 -93.41
57.69 -88.71
58.92 -88.19
-2.50 99.98
55.30 89.68
5.51 -99.90
109.46 48.29
118.20 -32.52
124.52 -8.73
-93.58 -66.30
45.49 93.14
121.03 -25.00
84.84 -73.44
107.57 -50.94
88.95 -70.26
-38.07 95.25
122.35 -20.48
-73.68 80.78
-124.59 -8.12
117.06 -35.08
92.41 67.34
-120.84 -25.59
9.57 99.71
107.95 -50.42
-116.47 36.31
-45.92 93.01
43.53 93.74
-119.06 -30.45
58.76 -88.26
122.90 -18.27
-5.48 -99.90
97.70 62.38
47.54 -92.49
36.76 95.58
16.82 99.09
92.32 -67.42
-26.20 97.78
-124.59 8.07
61.84 -86.91
123.76 -14.06
94.42 -65.54
-32.54 -96.55
-11.68 99.56
-21.85 -98.46
-116.34 36.58
-67.12 -84.36
107.56 50.95
117.98 -33.04
-101.37 -58.51
43.32 93.80
-39.46 -94.89
-104.31 55.11
88.92 -70.28
-124.32 -10.42
54.06 90.16
117.80 33.45
14.16 99.36
-119.39 -29.61
107.42 51.14
105.83 -53.21
120.66 -26.13
123.77 13.98
66.10 84.87
109.55 48.16
-0.13 -100.00
54.14 -90.13
53.57 90.35
91.48 -68.15
61.29 -87.16
-47.42 92.52
-11.51 99.58
115.27 -38.68
-123.27 -16.56
75.36 -79.78
-72.71 -81.34
103.67 -55.87
-91.69 -67.96
-38.32 -95.18
111.93 -44.52
30.38 -97.00
-121.67 -22.93
-124.30 -10.56
42.55 -94.03
-106.62 -52.20
-87.52 71.40
-14.24 -99.35
21.81 -98.47
78.53 77.80
110.84 46.23
-51.96 90.95
-124.65 7.47
-99.06 60.99
-112.30 -43.91
65.90 -84.97
-118.85 30.97
92.73 -67.05
-124.97 -2.11
-90.72 68.79
123.20 16.93
-94.91 65.07
-123.52 15.34
120.36 -26.98
85.31 -73.09
-89.40 69.89
-114.40 40.29
-97.24 62.84
-42.18 -94.13
124.90 -3.93
122.96 -17.98
122.20 -21.04
123.70 14.40
-87.25 71.61
87.88 -71.12
122.60 19.49
-65.27 85.28
29.07 -97.26
25.49 97.90
-37.94 -95.28
121.30 24.15
104.13 55.32
13.20 -99.44
-107.11 -51.55
102.45 -57.30
-120.06 27.84
124.99 -1.15
-109.28 48.55
-75.40 79.76
-121.97 21.88
-79.86 -76.93
-63.75 -86.02
-116.46 36.33
-55.63 89.55
-124.98 -1.66
101.95 57.86
-95.39 64.62
-102.16 57.63
-94.81 -65.17
116.81 35.61
-118.51 -31.80
-12.12 99.53
106.20 -52.75
-124.60 7.98
-71.76 81.88
-107.50 51.03
54.78 89.89
-115.17 38.87
-123.97 12.79
124.79 5.79
-91.73 -67.93
124.31 10.46
122.77 18.82
-10.06 99.68
89.50 69.81
-124.42 -9.65
40.21 94.69
82.46 75.16
119.63 -29.00
-124.16 -11.55
-100.04 -59.95
-124.97 -2.21
-78.76 77.65
-122.74 -18.93
-123.55 15.18
116.87 -35.48
94.66 -65.31
-37.27 -95.45
12.49 -99.50
121.35 23.98
-64.91 -85.46
9.50 99.71
101.72 -58.12
-36.18 95.72
-12.29 99.52
-120.74 -25.88
68.57 -83.61
-78.20 -78.01
-33.32 96.38
10.70 99.63
60.32 87.59
59.83 87.80
120.04 27.90
55.76 -89.50
14.37 99.34
117.01 35.19
61.59 87.02
-111.77 -44.78
-88.96 70.25
-104.07 55.40
118.94 30.77
75.92 79.44
116.46 -36.33
-52.77 90.65
91.65 68.00
-61.71 86.96
121.60 23.17
45.62 93.10
-90.94 68.61
-110.80 -46.29
33.25 96.40
-124.95 2.76
104.74 -54.58
-8.26 99.78
-103.98 55.50
-65.74 -85.05
-8.31 99.78
-105.24 -53.96
-110.41 46.89
78.09 78.08
-61.69 -86.98
124.74 6.42
-7.18 -99.84
114.27 40.53
52.71 -90.67
-115.60 -38.04
-111.89 -44.58
110.25 47.12
-93.64 66.24
-116.21 36.84
120.21 -27.41
-64.93 85.45
-79.43 77.21
-85.19 73.18
1.24 100.00
-37.76 -95.33
-26.94 -97.65
-96.69 63.38
124.28 10.70
-119.70 -28.80
110.42 -46.88
-95.69 64.34
124.45 9.39
38.86 95.05
119.83 -28.47
-37.34 -95.43
-66.91 84.47
96.83 -63.24
123.52 15.35
103.49 56.08
-117.98 -33.05
-124.91 3.73
-47.12 -92.62
119.75 -28.69
61.82 -86.92
99.09 -60.95
96.56 -63.50
-104.70 54.63
78.75 -77.66
111.55 45.13
51.91 -90.97
-17.97 -98.96
-107.71 50.75
-0.59 -100.00
108.53 -49.61
-115.60 -38.05
-35.22 -95.95
-120.64 26.17
89.42 -69.88
-63.37 -86.20
30.92 -96.89
99.06 60.99
-103.80 -55.71
-35.96 -95.77
10.28 99.66
90.28 -69.16
-14.06 -99.37
-112.41 -43.73
-2.11 -99.99
-1.34 -99.99
16.50 99.13
55.77 89.49
-111.48 -45.23
13.82 -99.39
-16.20 -99.16
117.63 -33.82
108.84 49.18
110.02 47.46
-67.30 -84.27
54.81 -89.87
-114.35 40.39
-47.03 -92.65
-96.79 -63.28
26.93 97.65
101.22 58.68
86.50 72.19
90.80 -68.73
-7.22 -99.83
-52.54 90.74
44.27 -93.52
52.95 -90.58
-83.78 74.22
-73.59 80.83
60.21 -87.63
4.92 -99.92
-111.17 45.73
-108.60 -49.51
14.93 -99.28
124.70 6.95
-39.07 94.99
-85.06 -73.28
-99.89 -60.12
-108.62 49.49
-102.96 -56.70
-86.05 -72.54
-118.14 32.66
22.80 -98.32
115.15 -38.90
-40.82 -94.52
-120.21 -27.40
120.74 -25.89
124.17 -11.49
-104.68 54.66
-104.50 -54.87
-118.97 30.69
100.42 59.55
114.04 -40.94
124.94 -3.16
66.21 84.82
25.61 -97.88
-110.63 -46.56
-118.16 -32.62
-94.36 65.58
95.92 64.12
-89.54 69.78
76.03 79.37
121.85 22.29
-77.83 78.25
29.15 97.24
49.05 -91.98
-55.97 89.41
69.96 -82.87
-86.90 -71.88
121.66 22.95
36.47 -95.65
-99.40 60.64
-6.39 99.87
-61.63 87.00
-122.76 -18.83
-47.91 -92.36
124.83 -5.16
-77.04 78.75
-118.80 -31.11
13.49 -99.42
91.80 -67.87
-15.50 -99.23
-124.68 -7.12
-116.63 -35.98
110.23 47.15
118.53 -31.76
-122.98 -17.92
79.01 -77.49
-24.44 -98.07
70.86 -82.38
-113.66 41.61
75.77 -79.53
-25.70 -97.86
-124.64 -7.58
-25.04 -97.97
-123.49 15.48
-62.73 -86.50
-14.36 -99.34
-124.74 -6.41
-33.23 -96.40
46.03 -92.97
66.36 84.75
110.38 -46.93
-31.48 -96.78
-121.19 -24.51
-99.40 -60.63
85.48 -72.96
-92.19 67.53
84.85 73.44
-45.75 93.06
-3.42 99.96
1.82 -99.99
-117.66 33.77
58.47 -88.39
39.12 -94.98
9.24 -99.73
-119.48 -29.40
72.66 -81.37
47.03 92.65
117.90 -33.23
73.42 -80.93
-120.89 -25.42
-108.27 -49.98
-81.16 76.06
-96.04 -64.00
99.65 -60.37
-116.47 -36.30
-22.44 98.38
-124.63 7.69
3.21 -99.97
-79.50 77.17
6.52 99.86
22.12 -98.42
-122.19 21.07
-112.38 -43.78
-72.22 -81.62
124.85 4.88
124.52 8.77
99.59 -60.44
-96.76 -63.31
-110.99 45.99
-125.00 0.43
78.41 -77.88
42.60 -94.01
-70.40 -82.63
124.02 -12.52
14.46 -99.33
113.64 -41.66
63.86 -85.97
-121.52 23.45
-93.27 -66.57
109.81 47.78
117.17 34.84
80.46 -76.53
-45.44 93.16
-69.61 83.06
-70.55 -82.55
-116.49 -36.26
75.19 79.88
-21.94 98.45
-100.55 -59.41
-4.13 99.95
-15.93 99.18
108.61 -49.50
112.33 43.87
-93.64 -66.24
-38.15 -95.23
96.54 63.52
-54.07 -90.16
-119.42 29.55
-95.13 64.87
-40.20 94.69
-67.78 84.02
-18.57 -98.89
-51.05 91.28
-98.53 61.54
-98.36 -61.71
-116.15 -36.95
-45.53 93.13
54.13 -90.14
116.24 -36.78
124.22 -11.19
-93.98 -65.93
-9.36 -99.72
-78.71 77.68
112.88 -42.96
103.82 55.69
82.94 -74.81
-34.36 96.15
-121.50 -23.49
3.85 -99.95
101.38 -58.50
-124.90 4.01
110.33 -47.01
-124.70 6.94
122.87 18.38
-123.60 -14.95
-108.59 49.54
-90.51 -68.97
24.04 98.13
-36.12 -95.73
-104.44 -54.95
67.59 -84.12
-110.82 46.27
-98.37 61.70
2.34 -99.98
72.68 81.36
89.22 70.04
109.69 -47.95
-115.50 -38.23
103.65 55.90
75.15 79.91
-111.69 44.90
115.29 -38.65
124.13 -11.80
27.85 -97.49
-28.33 -97.40
40.15 -94.70
97.51 62.57
-124.69 -7.06
121.27 -24.24
-78.71 -77.68
34.11 -96.21
34.32 96.16
-115.01 39.18
105.25 -53.95
88.95 70.26
-2.37 99.98
-117.44 -34.25
-65.22 -85.31
7.02 99.84
-3.28 -99.97
-96.50 63.56
-124.29 10.65
108.34 -49.87
-97.34 -62.74
-113.82 -41.33
123.01 -17.77
-113.64 41.65
-121.47 23.61
-15.22 -99.26
125.00 -0.73
-6.22 -99.88
-5.97 -99.89
-114.36 -40.36
-124.65 -7.49
106.37 -52.52
104.43 -54.96
-97.83 62.25
109.42 -48.35
-112.81 -43.07
-50.58 91.45
18.20 -98.93
120.74 25.89
68.91 -83.43
-52.42 -90.78
-88.45 70.66
-96.82 -63.25
32.93 96.47
118.38 32.11
107.25 -51.37
-120.12 27.67
92.15 -67.57
121.99 21.81
62.08 86.80
102.82 -56.87
119.98 28.07
94.38 65.57
-120.41 26.84
-13.04 99.45
-115.56 -38.12
103.81 -55.71
23.65 98.19
-82.81 74.91
124.70 -6.93
104.32 -55.09
-104.74 -54.58
-81.08 -76.11
117.94 -33.13
-34.27 96.17
-46.82 -92.72
69.86 82.93
-114.00 41.02
82.62 75.04
47.40 -92.53
-114.90 -39.39
42.41 94.07
-62.23 86.73
40.44 94.62
-124.96 2.66
106.91 -51.82
68.79 -83.49
-86.94 -71.85
-19.34 98.80
13.13 -99.45
12.14 -99.53
-105.51 53.62
-92.18 67.54
105.83 -53.22
115.75 -37.76
-102.78 56.91
-108.73 -49.34
-119.01 30.58
54.73 -89.91
-122.11 -21.37
-77.36 78.55
32.06 -96.65
41.02 -94.46
-124.51 -8.82
-99.62 -60.40
57.36 -88.85
1.06 100.00
44.98 93.30
-67.76 84.04
-89.98 69.42
-124.31 10.50
-11.68 99.56
-31.47 96.78
-94.67 -65.30
-97.97 -62.11
-121.14 -24.65
-24.55 -98.05
105.14 -54.09
114.05 -40.94
111.14 45.77
-120.14 27.60
124.95 -2.73
122.71 19.06
66.05 84.90
-60.18 87.65
-119.06 -30.46
55.94 -89.43
124.74 -6.39
-120.04 27.88
114.95 -39.28
-89.53 69.78
-57.06 -88.97
-124.94 3.02
-119.56 29.17
96.78 63.29
74.14 -80.51
-109.95 -47.57
18.99 -98.84
114.22 -40.63
123.74 -14.15
-121.99 -21.82
-116.56 -36.13
35.91 -95.78
-119.67 -28.90
87.98 -71.03
82.40 75.20
-107.24 51.37
-114.27 -40.54
115.23 -38.75
-107.80 -50.63
124.24 -10.98
124.48 -9.10
49.42 91.85
-95.60 -64.43
121.35 23.98
65.22 -85.31
121.55 23.33
-68.82 83.48
-117.56 33.99
68.68 -83.55
67.72 84.05
-115.77 37.71
78.24 77.99
-45.14 93.25
95.87 64.17
123.55 -15.18
52.70 90.68
97.69 -62.39
-108.64 49.46
22.78 -98.33
8.21 -99.78
-124.41 9.70
-124.63 -7.69
-65.72 -85.06
-124.03 -12.44
-124.84 5.07
-108.84 49.17
124.94 -3.15
41.74 94.26
-17.42 -99.02
80.98 76.18
-109.36 -48.43
-4.36 99.94
-84.53 73.67
114.46 -40.19
-65.03 -85.40
-118.90 -30.86
53.30 -90.45
-114.28 40.52
124.46 -9.32
52.15 90.88
36.65 -95.60
121.43 23.74
-35.56 95.87
103.06 -56.59
-103.17 -56.46
-37.90 -95.29
87.27 -71.59
-33.62 -96.32
-120.47 26.67
-124.98 1.75
55.90 89.44
-51.16 91.24
-92.64 -67.14
-53.96 -90.20
125.00 -0.81
118.49 -31.84
-113.63 41.68
-112.86 43.00
77.89 78.21
-91.04 68.52
-1.43 99.99
-119.79 -28.56
-102.74 -56.96
-77.38 78.54
97.46 62.61
-57.73 -88.70
76.22 -79.26
19.93 -98.72
-124.21 -11.25
-65.27 -85.29
-95.16 -64.84
-96.76 -63.31
-60.97 87.30
120.61 -26.26
-35.35 95.92
68.95 83.41
-100.13 -59.86
-113.55 -41.81
-100.43 -59.54
-90.70 -68.81
-113.22 -42.38
41.47 -94.34
44.61 -93.42
-6.25 -99.88
-121.47 23.60
-124.34 -10.26
68.02 83.90
46.02 -92.98
-100.73 59.21
-124.67 7.31
-103.47 56.11
-124.01 -12.57
-122.67 -19.23
-59.86 -87.79
114.10 -40.85
-123.19 16.96
124.05 12.29
-123.01 -17.76
48.69 -92.10
-58.10 88.54
-27.70 97.51
83.60 74.34
13.16 -99.44
54.54 -89.98
49.72 -91.75
22.37 -98.39
95.22 64.79
48.53 92.15
-92.51 67.25
90.51 68.97
6.48 -99.87
-95.69 64.34
-78.14 -78.06
-92.79 -67.00
12.03 99.54
49.70 -91.76
98.85 61.20
70.89 82.36
-18.18 98.94
96.13 -63.92
124.86 4.67
120.11 27.70
-21.47 -98.51
124.99 -0.91
-116.02 -37.21
30.94 96.89
85.88 -72.66
27.18 97.61
15.81 -99.20
-72.06 -81.71
106.67 -52.13
-41.75 94.26
-25.07 -97.97
-79.97 76.86
124.55 8.47
-61.26 87.17
48.77 -92.07
-39.04 95.00
124.69 7.02
86.27 72.36
109.55 -48.16
-85.68 -72.81
63.04 86.35
116.51 36.22
124.91 3.86
96.43 -63.63
-8.35 -99.78
-80.94 76.21
-121.00 25.09
-124.83 5.25
124.97 2.04
43.46 -93.76
67.70 -84.07
94.13 -65.79
122.77 18.80
114.43 40.25
-31.20 -96.83
-64.94 85.45
-125.00 -0.26
-114.73 39.69
121.30 -24.16
54.50 89.99
117.26 -34.65
-117.21 -34.76
-116.18 36.89
71.19 -82.20
-121.61 -23.14
68.12 -83.84
-50.17 -91.59
-105.19 54.02
-100.66 -59.29
90.15 -69.28
123.70 -14.41
-13.54 99.41
27.64 97.52
-36.52 -95.64
-112.67 -43.31
29.89 97.10
-59.06 88.13
-19.00 -98.84
-88.69 -70.47
115.44 38.36
102.42 -57.33
23.13 -98.27
0.81 100.00
83.95 -74.09
-26.11 -97.79
-115.82 -37.61
-56.60 -89.16
-121.12 24.74
66.87 -84.49
-124.88 -4.31
-31.40 -96.79
-116.36 -36.53
-123.48 -15.52
-23.26 -98.25
-68.99 83.39
21.95 98.45
-60.45 87.53
57.66 88.72
124.69 -7.09
-121.67 22.93
13.80 99.39
34.66 96.08
-109.13 -48.77
-124.73 -6.55
-110.41 -46.89
110.57 46.64
-119.10 30.37
4.53 99.93
-27.55 -97.54
-118.81 31.08
116.69 35.86
-94.44 65.51
88.07 -70.97
109.75 -47.87
88.98 70.23
12.84 99.47
122.14 21.26
62.43 86.64
113.45 41.98
-45.04 -93.28
-78.70 -77.69
76.35 79.18
36.10 -95.74
112.80 43.08
76.33 79.19
74.69 80.19
93.07 66.76
-62.65 -86.53
-62.50 -86.60
-103.25 56.37
-15.36 -99.24
-106.42 52.45
115.79 37.68
-124.79 5.74
-79.17 77.38
-32.06 -96.66
119.51 -29.30
-87.13 71.71
122.38 -20.37
9.93 99.68
-103.49 -56.08
-7.72 99.81
98.14 -61.93
-100.87 59.06
53.67 -90.31
50.94 91.32
-86.00 72.57
71.68 81.93
124.10 11.98
122.90 18.23
28.63 -97.34
-116.95 35.30
-55.47 -89.61
-79.52 -77.16
-125.00 -0.78
-47.66 92.45
68.91 -83.43
-78.09 -78.09
49.06 91.97
124.80 5.71
123.63 14.78
-60.54 87.49
124.86 4.77
62.39 86.65
-53.02 90.56
39.79 -94.80
-74.65 80.21
114.71 -39.74
120.97 -25.20
4.58 99.93
123.69 14.43
119.60 -29.06
-7.93 -99.80
36.10 -95.74
-124.95 -2.93
-58.89 -88.21
-124.92 -3.59
105.17 54.05
27.71 97.51
-86.91 -71.87
-106.82 51.94
54.45 -90.01
88.76 70.41
-116.16 36.93
-103.11 -56.53
-120.01 27.97
-23.74 -98.18
-124.87 -4.58
-109.57 -48.12
119.99 28.03
-113.46 -41.96
123.28 16.55
67.35 -84.24
89.72 69.63
36.12 95.73
-102.90 -56.78
-116.10 -37.07
-105.51 53.62
-120.31 -27.14
123.98 12.75
35.82 95.81
-115.13 -38.94
63.92 85.93
-90.79 -68.74
-119.38 -29.65
-9.69 99.70
123.14 17.19
110.53 -46.70
-114.76 -39.64
119.72 -28.75
-25.20 97.95
-86.11 -72.48
124.64 7.59
85.37 73.05
103.48 -56.10
35.06 95.99
26.87 97.66
-123.60 -14.94
-113.12 -42.55
-115.63 37.99
-114.81 39.54
-68.31 -83.75
122.15 21.23
115.24 -38.73
124.63 -7.64
-119.81 28.51
-14.91 99.29
-75.64 79.61
24.18 98.11
-4.14 -99.95
-31.87 96.69
-117.60 -33.90
83.14 -74.67
61.08 -87.25
58.15 -88.52
-105.83 53.21
-10.18 99.67
-124.08 12.13
-104.17 -55.28
-35.79 95.81
76.71 78.95
123.72 14.27
94.01 -65.91
87.60 71.33
-31.94 -96.68
122.25 20.85
-10.83 -99.62
-31.46 96.78
-60.22 -87.63
86.03 72.55
122.68 19.16
-57.60 88.75
6.35 -99.87
-7.51 -99.82
22.39 -98.38
121.55 -23.34
114.75 39.67
-119.59 -29.10
-105.26 -53.93
-78.36 -77.91
93.70 66.19
102.05 57.75
-89.99 69.41
19.77 98.74
-124.65 -7.45
85.97 72.60
123.35 16.22
86.52 72.18
-105.24 -53.96
1.89 -99.99
-80.05 -76.80
-96.31 63.75
69.08 83.34
30.39 -97.00
-36.49 -95.64
0.60 100.00
-124.09 12.06
109.46 -48.28
30.88 -96.90
121.95 21.95
-124.99 1.25
-17.94 98.96
2.45 -99.98
124.98 -1.89
23.99 -98.14
-33.55 -96.33
116.24 36.77
116.30 -36.65
-72.51 81.46
111.15 45.76
-65.43 85.21
-18.72 98.87
27.92 -97.47
77.76 -78.29
-117.18 34.82
111.98 44.45
88.42 70.69
-78.59 -77.76
123.05 17.60
120.82 -25.66
114.17 40.71
-2.78 -99.98
-1.18 100.00
102.61 57.11
66.74 -84.55
117.00 35.21
-118.76 31.21
123.15 -17.14
-124.17 -11.49
-56.17 89.34
31.47 96.78
-75.31 79.82
122.52 -19.84
-84.78 73.48
-73.40 -80.94
-40.68 94.56
124.83 5.24
96.39 -63.67
104.77 54.55
-121.53 23.41
25.10 97.96
111.74 -44.82
-104.42 54.97
104.10 55.36
96.99 63.09
-41.27 -94.39
86.23 72.40
-123.22 -16.82
121.84 -22.33
120.98 -25.15
114.53 40.07
28.59 97.35
115.50 -38.25
18.21 98.93
124.62 7.79
124.87 -4.64
73.33 -80.98
100.93 58.99
-18.23 -98.93
-121.64 -23.03
-60.08 87.69
-10.03 99.68
-123.10 -17.35
27.65 -97.52
87.18 71.66
28.29 -97.41
-94.77 -65.20
-41.61 -94.30
119.78 -28.60
-104.60 -54.75
5.98 -99.89
106.08 -52.89
-67.94 83.94
-123.36 -16.13
49.62 -91.78
102.37 57.39
0.88 -100.00
-114.50 -40.12
-56.22 -89.31
-21.73 -98.48
-59.47 87.96
30.60 -96.96
-74.80 -80.12
113.96 41.09
124.96 2.51
-119.61 -29.04
-69.54 83.10
92.49 67.27
118.39 32.08
62.83 -86.45
11.54 -99.57
15.81 99.20
-5.71 99.90
-124.78 5.93
-120.96 25.22
-27.01 97.64
34.73 -96.06
-42.43 94.06
-124.92 3.65
123.22 16.80
-103.31 56.29
-41.38 94.36
50.80 91.37
100.18 -59.81
61.69 86.97
-72.03 81.73
-33.90 96.25
-47.43 92.52
114.83 -39.50
-67.23 -84.30
61.93 -86.86
34.98 96.00
-37.70 -95.34
85.59 -72.88
1.48 -99.99
124.92 3.50
-10.91 -99.62
-83.47 74.44
50.08 -91.62
123.91 13.20
-106.97 -51.74
24.01 98.14
-26.17 97.78
13.05 99.45
11.00 -99.61
-17.53 99.01
113.97 41.07
123.66 14.62
54.92 -89.83
49.27 91.91
-104.84 54.45
-64.44 -85.69
-70.39 -82.64
119.81 -28.52
99.57 -60.46
77.24 78.63
-118.10 32.77
46.69 -92.76
30.28 97.02
-0.77 -100.00
55.95 89.42
117.38 34.37
-124.60 -8.01
-37.54 -95.38
113.80 41.37
-82.01 75.47
72.16 -81.66
-104.87 54.42
-84.16 73.94
119.88 -28.33
-15.87 -99.19
-91.83 -67.84
-47.47 -92.51
0.27 100.00
-30.70 -96.94
97.50 -62.58
59.98 87.74
109.13 48.77
65.31 -85.26
-67.57 84.13
114.85 -39.48
92.25 -67.48
-102.99 -56.67
-24.57 98.05
75.42 -79.75
-105.83 53.21
-26.86 97.66
-124.74 -6.46
84.01 74.05
122.65 -19.31
-124.92 -3.64
58.41 88.41
106.47 52.39
65.37 85.24
45.00 93.30
-113.37 -42.13
-106.22 52.72
18.85 98.86
28.76 -97.32
-66.18 84.84
47.99 -92.34
-7.79 99.81
-57.92 -88.62
-23.33 98.24
94.76 65.21
118.74 -31.25
116.13 37.00
94.92 -65.06
62.19 -86.75
-124.72 6.75
-47.23 92.59
73.35 -80.97
-68.15 83.83
-116.76 -35.70
-62.62 -86.54
100.82 59.11
-100.26 -59.72
-55.24 -89.70
-85.86 -72.68
117.83 -33.38
103.17 -56.46
68.78 -83.50
104.55 -54.81
115.75 37.75
-96.85 -63.22
-25.65 -97.87
80.21 76.70
123.48 15.54
-23.08 -98.28
-20.90 -98.59
-51.53 91.11
124.74 6.41
86.57 72.14
87.93 -71.07
94.35 65.60
30.83 96.91
-123.55 -15.20
-105.64 53.46
105.92 -53.10
-123.90 -13.25
-105.33 -53.85
33.48 -96.35
-121.63 -23.08
109.88 47.67
-100.28 59.70
95.39 -64.62
-32.28 96.61
-16.47 -99.13
-96.69 -63.38
58.56 -88.35
14.59 -99.32
69.57 83.08
123.59 -15.00
-121.16 24.59
-96.57 63.49
-103.99 55.48
-66.35 84.75
110.61 -46.58
73.16 -81.08
113.66 -41.61
119.50 -29.33
-102.81 56.87
120.03 -27.93
121.26 -24.27
-122.22 -20.97
-115.26 -38.70
-114.99 -39.20
-77.52 78.45
48.82 92.06
110.76 -46.35
-121.11 24.75
-66.60 84.63
74.37 80.37
-101.47 58.40
42.04 94.17
67.21 -84.31
-28.04 -97.45
116.73 35.77
-86.78 71.97
46.90 -92.69
-21.51 -98.51
-44.39 93.48
84.55 73.65
51.69 91.05
18.84 98.86
-105.42 -53.73
-76.87 78.86
83.14 74.68
103.20 -56.42
-116.37 36.51
-119.11 -30.33
-36.89 95.55
95.97 64.07
-103.01 -56.65
-32.02 -96.66
-123.08 -17.45
121.71 -22.79
81.85 -75.58
-92.62 -67.15
104.88 54.41
-114.68 -39.79
119.30 -29.84
123.90 -13.21
-117.65 33.79
-121.02 25.02
-123.23 -16.78
-29.77 97.12
83.62 -74.33
94.03 -65.89
97.18 62.89
38.97 -95.02
113.20 -42.42
-60.45 87.53
109.24 48.60
42.63 -94.01
110.26 -47.11
-49.70 -91.76
14.24 99.35
124.99 -1.00
124.94 3.02
122.40 -20.29
-100.72 -59.22
-42.59 -94.02
-121.27 24.25
-45.48 93.15
65.71 -85.07
-19.88 98.73
-124.72 6.68
100.67 -59.27
89.92 69.46
39.34 94.92
123.08 17.44
115.91 37.44
74.17 80.49
-102.44 57.30
38.13 95.23
108.68 -49.40
-109.43 48.33
-107.15 -51.49
-41.07 -94.45
125.00 0.62
-18.61 98.89
-96.17 63.88
13.09 99.45
83.09 74.71
-13.03 99.46
54.63 89.95
54.71 -89.91
-19.50 -98.78
51.24 91.21
-83.18 74.65
51.60 91.08
-124.75 6.32
121.27 24.25
122.35 -20.46
-81.18 -76.04
-108.21 -50.06
41.09 94.44
-28.16 97.43
-121.53 23.39
35.09 95.98
123.54 15.23
95.52 -64.50
-107.19 51.44
31.23 -96.83
-123.33 -16.27
-10.39 99.65
6.64 -99.86
81.51 -75.82
107.43 -51.13
37.63 -95.36
77.00 78.78
-82.08 75.42
-67.33 84.25
-24.40 98.08
7.14 -99.84
-40.98 -94.47
114.65 -39.84
124.95 -2.77
119.56 -29.19
56.58 89.17
0.79 -100.00
-123.37 -16.11
-111.01 -45.98
76.74 -78.94
-85.05 73.28
120.13 27.64
56.01 89.40
104.27 -55.15
-122.67 19.22
-77.68 -78.35
-65.22 -85.31
102.37 57.38
96.85 -63.22
-123.48 -15.55
106.01 52.98
123.95 12.96
-92.96 66.86
61.56 87.03
122.45 -20.11
122.46 20.06
-37.11 -95.49
-86.46 72.22
2.16 -99.99
41.31 94.38
118.48 -31.88
-4.59 99.93
-89.60 -69.72
124.16 -11.60
74.46 -80.32
115.83 37.59
50.19 91.58
-124.67 7.25
-105.32 53.87
-52.28 -90.83
-55.51 89.60
-123.90 -13.26
44.81 93.35
80.36 76.59
123.44 -15.73
123.97 12.81
-49.98 91.66
106.19 -52.75
58.72 88.28
-122.39 20.34
120.23 27.37
123.29 16.48
77.06 78.73
102.72 56.99
-3.35 -99.96
38.20 -95.22
46.36 92.87
-30.82 96.91
-18.18 98.94
-76.46 -79.11
-87.75 -71.21
118.39 -32.09
108.22 50.05
121.39 23.87
75.21 79.87
-97.02 63.06
75.00 -80.00
-94.86 -65.13
123.31 16.38
-46.95 92.68
-119.71 -28.77
58.99 88.16
-86.58 -72.13
57.48 -88.80
7.52 99.82
-118.69 31.36
83.41 -74.48
116.32 36.61
95.22 64.78
-90.67 68.83
120.13 -27.65
60.00 -87.72
106.53 52.32
84.22 73.89
111.19 45.69
124.85 4.97
95.02 64.98
5.49 -99.90
52.41 -90.79
56.96 -89.01
-124.50 8.92
74.10 -80.54
-75.87 79.48
124.89 -4.16
122.42 -20.21
6.56 99.86
55.50 89.60
-105.16 -54.06
92.60 -67.17
91.57 -68.07
-111.26 45.59
-24.08 98.13
-96.70 63.37
-123.02 -17.74
54.88 89.85
83.48 74.43
-69.39 83.18
54.64 -89.94
103.20 -56.42
-20.64 98.63
-49.38 91.87
-2.13 -99.99
-78.65 -77.72
-9.66 -99.70
101.44 -58.43
124.56 -8.43
-116.28 36.70
75.32 79.81
-117.01 35.18
116.94 35.33
124.15 11.63
123.44 -15.75
56.96 -89.01
-124.32 -10.38
-0.32 -100.00
-30.89 -96.90
120.93 -25.32
-124.12 11.82
-8.55 99.77
38.51 -95.14
90.13 69.29
-122.40 20.31
124.99 -1.05
-2.34 99.98
101.23 58.66
-120.87 -25.48
122.86 18.43
-118.02 -32.94
102.87 56.82
-89.54 69.78
63.03 86.36
21.36 -98.53
-117.65 33.79
-91.42 -68.20
118.14 32.68
-24.58 98.05
113.11 42.56
107.15 -51.50
-49.34 91.88
-75.32 79.81
-12.30 -99.51
-106.74 -52.04
65.71 -85.07
95.25 -64.76
65.67 85.09
-100.01 -59.99
76.24 -79.25
66.89 84.48
84.56 73.64
-106.02 52.97
-90.12 -69.30
-67.57 -84.13
19.48 98.78
-27.63 -97.53
99.37 60.67
81.54 75.79
-83.03 74.75
-113.75 -41.46
-38.27 95.20
-68.54 83.63
-22.19 98.41
74.96 80.03
-107.51 -51.01
56.53 89.19
72.21 -81.62
-72.53 81.44
121.70 -22.83
75.88 -79.47
-30.21 97.03
-75.18 79.89
-120.90 -25.40
-101.66 -58.19
48.33 -92.22
-86.45 72.23
-83.46 -74.44
-106.21 52.72
-123.89 13.30
-24.57 98.05
37.09 -95.50
28.04 -97.45
-124.34 10.29
122.68 -19.20
114.70 -39.74
61.89 -86.88
95.50 -64.52
-48.03 -92.32
75.46 79.72
117.69 -33.69
-115.01 39.17
-97.37 -62.71
124.97 2.15
-116.07 -37.11
123.70 14.38
78.34 -77.92
59.30 88.03
119.51 29.30
-110.84 46.24
98.65 61.42
36.85 -95.56
123.14 17.18
97.98 -62.10
88.15 70.90
14.13 99.36
121.46 23.62
124.41 9.70
14.60 99.32
-124.14 11.71
-86.20 72.42
-68.23 83.79
-124.88 4.36
-51.49 -91.12
121.51 -23.47
97.87 -62.21
-90.04 69.36
26.16 -97.79
-114.50 40.12
-124.40 9.77
109.55 -48.15
123.60 -14.94
-124.83 -5.19
122.35 -20.47
14.05 -99.37
-61.85 86.90
-22.60 -98.35
101.55 58.31
59.19 88.08
-31.85 -96.70
77.21 78.64
124.79 -5.75
-28.03 -97.45
-78.97 -77.52
55.08 89.77
-108.67 -49.41
55.32 89.67
-98.78 61.28
-82.31 75.26
122.83 18.54
-15.24 -99.25
122.66 -19.25
-119.29 29.88
-62.41 -86.64
-48.02 92.33
124.30 -10.55
91.62 68.03
6.55 99.86
-27.29 -97.59
111.63 45.01
22.91 98.31
-112.46 -43.66
113.43 42.01
-120.80 25.69
120.79 25.73
-48.82 92.06
-99.82 -60.19
20.65 98.63
106.06 -52.92
-81.47 75.84
122.26 -20.82
38.22 95.21
103.76 55.76
122.16 21.19
-98.32 -61.75
-22.11 -98.42
55.71 89.52
-97.95 -62.13
7.88 99.80
-124.94 -3.22
116.61 -36.02
100.34 59.64
20.41 98.66
21.03 98.57
-67.80 -84.01
-112.26 -43.98
-7.39 -99.83
82.02 -75.46
99.95 -60.06
8.60 99.76
-124.55 -8.48
-103.71 -55.82
-37.32 -95.44
37.64 -95.36
-48.04 -92.32
-87.89 71.11
-120.81 -25.67
-124.66 7.36
14.97 -99.28
125.00 -0.38
123.50 -15.44
88.56 -70.57
-106.11 -52.86
122.14 -21.26
14.88 99.29
31.21 96.83
-123.53 -15.27
89.88 69.50
-6.33 99.87
22.45 -98.37
-90.62 -68.88
75.81 -79.51
120.01 -27.98
-85.71 -72.79
-90.17 -69.25
60.41 87.55
60.83 -87.36
124.95 -2.76
-0.49 100.00
61.50 -87.06
55.11 89.76
-122.14 21.28
-86.58 -72.13
-46.97 92.67
125.00 0.43
124.96 -2.46
117.49 34.14
-121.01 25.08
106.90 51.83
91.95 -67.74
84.18 -73.93
-109.07 -48.85
120.98 -25.16
-98.63 -61.43
67.31 84.26
30.73 96.93
-24.31 -98.09
-123.44 -15.73
-123.96 12.90
-119.89 28.29
99.81 -60.21
-124.03 -12.45
-123.55 15.19
-54.65 -89.94
111.17 45.72
-121.79 22.52
-71.78 -81.87
11.61 -99.57
10.33 99.66
-0.97 100.00
-123.35 16.21
119.72 28.77
73.69 -80.77
-101.63 -58.23
-62.55 86.58
27.10 -97.62
-124.16 -11.55
64.11 -85.85
114.56 40.01
-68.13 -83.84
123.63 -14.76
-123.63 14.78
97.27 -62.81
46.62 92.78
95.52 -64.51
-122.77 -18.82
-119.86 -28.38
69.50 83.12
25.45 -97.90
-119.27 29.93
-50.06 91.63
-72.77 81.31
-116.19 36.88
106.02 -52.98
40.82 94.52
120.32 27.10
-124.97 -2.24
-21.18 -98.55
123.40 -15.94
64.50 -85.66
119.02 -30.57
26.13 -97.79
-62.94 86.40
111.67 -44.93
-21.84 98.46
31.34 96.81
-1.60 -99.99
-56.51 89.20
37.54 95.38
59.82 -87.81
-123.08 -17.45
26.62 97.71
123.63 14.76
-123.96 -12.88
110.04 47.44
-81.53 75.80
90.37 69.09
-70.36 82.66
-45.75 93.06
118.13 32.69
-73.30 -81.00
-25.93 -97.83
-125.00 0.59
-84.67 -73.57
123.11 17.33
118.54 -31.74
65.35 -85.25
22.09 98.43
-103.18 56.45
-124.88 4.43
60.58 87.47
-122.22 -20.97
106.57 52.27
-96.98 -63.10
25.51 97.90
-13.79 -99.39
123.95 12.91
21.66 -98.49
-106.77 -52.00
124.04 -12.36
124.23 -11.10
-115.98 -37.29
118.12 -32.73
-27.99 -97.46
99.20 60.84
-39.45 94.89
-115.93 -37.40
68.53 83.63
-4.02 -99.95
8.15 99.79
-2.37 99.98
-109.04 48.90
-67.52 84.16
-125.00 -0.38
53.81 90.26
81.83 -75.59
-96.69 63.38
105.77 53.29
-35.83 -95.80
-123.67 14.55
113.14 -42.51
-103.91 -55.59
-55.53 -89.59
65.96 84.94
-101.60 -58.26
116.76 -35.71
-116.41 -36.43
64.97 85.43
49.18 91.93
100.02 -59.98
-16.85 -99.09
36.05 -95.75
-84.94 73.37
-9.12 99.73
-19.14 -98.82
-74.81 80.11
-42.32 -94.09
121.61 -23.13
45.55 -93.12
76.66 78.99
108.50 -49.65
71.10 -82.25
120.64 26.19
-119.10 30.36
108.31 -49.91
-125.00 0.31
-109.30 -48.52
-53.70 -90.30
100.42 59.55
-10.55 99.64
-62.93 -86.40
-66.02 84.92
-94.23 65.71
-7.17 -99.84
115.87 -37.51
67.44 84.20
-124.49 9.00
61.05 87.26
50.40 -91.51
-2.52 99.98
12.97 -99.46
107.68 -50.79
33.65 96.31
6.76 -99.85
-25.13 -97.96
15.38 -99.24
-124.92 -3.59
100.21 -59.78
-29.28 -97.22
-84.52 73.68
71.93 81.78
-44.16 93.55
64.58 -85.62
125.00 0.76
115.44 38.36
-85.54 72.92
-8.81 99.75
117.14 -34.91
72.53 81.44
77.17 78.67
118.13 32.70
35.40 -95.91
115.31 -38.61
66.64 84.60
-84.89 -73.40
124.04 12.37
-44.01 93.60
-109.89 -47.66
50.10 -91.62
-5.54 99.90
-121.94 -21.98
-90.92 -68.63
91.82 -67.86
16.71 99.10
-124.62 -7.74
-97.70 -62.38
-123.14 -17.18
54.07 -90.16
34.82 96.04
-105.69 53.40
55.36 -89.66
70.08 82.81
119.91 -28.25
-6.45 -99.87
112.02 44.37
-12.99 -99.46
-123.63 14.77
-14.35 -99.34
119.12 -30.31
-103.87 55.63
-9.23 99.73
-124.92 3.52
107.69 -50.77
68.83 83.47
109.23 -48.62
-41.21 94.41
34.56 -96.10
-76.80 78.90
-115.56 38.13
101.32 58.57
-36.62 95.61
-19.74 98.75
121.88 22.21
116.86 -35.49
-123.11 17.34
-82.62 -75.04
-31.87 96.70
-73.84 -80.69
106.00 -53.00
58.18 88.51
43.38 93.78
-102.44 57.30
14.73 -99.30
-3.04 99.97
-119.68 -28.86
32.13 96.64
47.85 92.38
94.43 -65.52
-124.63 -7.71
-74.86 -80.08
111.81 44.71
-118.48 -31.88
-82.85 -74.88
120.22 27.39
-26.18 -97.78
5.91 99.89
101.40 -58.48
-22.77 98.33
-55.31 89.68
-121.63 -23.07
58.30 -88.46
-33.64 -96.31
-71.12 82.23
102.91 56.77
-10.72 99.63
123.18 -17.02
8.30 99.78
122.71 19.05
99.80 60.21
73.37 80.96
-73.69 -80.77
-118.09 -32.79
-121.52 23.43
-45.79 93.05
-124.42 -9.58
-56.11 -89.36
36.64 -95.61
32.02 96.66
102.17 57.61
-111.18 -45.71
-50.23 -91.57
-117.45 -34.24
-108.20 50.07
74.28 -80.43
-101.39 58.49
-122.71 19.07
-53.04 90.55
123.18 16.98
-124.24 -11.02
-58.28 88.46
-1.30 99.99
-80.01 -76.83
-101.53 -58.33
17.96 -98.96
70.07 -82.81
86.29 -72.35
-34.35 96.15
-94.87 65.11
-68.40 83.70
35.98 95.77
-124.98 1.57
-13.76 99.39
-56.37 -89.26
-22.00 98.44
-119.05 -30.49
-100.32 59.66
-117.81 -33.42
-124.80 5.60
93.97 -65.94
-61.07 87.25
101.23 58.66
-125.00 0.62
-123.44 -15.74
-41.24 94.40
11.53 -99.57
3.44 -99.96
60.62 -87.45
12.75 -99.48
-124.88 4.34
-22.54 -98.36
56.06 -89.38
-83.35 -74.52
14.39 99.33
-45.61 93.10
-119.15 30.24
122.64 19.33
-93.45 -66.42
-17.43 99.02
-40.82 -94.52
124.91 -3.87
-114.00 -41.01
124.03 12.43
4.95 -99.92
-67.02 84.41
-68.50 83.65
-123.40 -15.96
-23.04 98.29
-117.32 -34.51
124.58 8.15
101.26 -58.64
80.26 -76.67
-43.29 93.81
-0.31 100.00
-122.94 18.08
-15.48 -99.23
-11.73 99.56
-17.95 -98.96
13.86 -99.38
109.96 47.56
118.46 31.91
92.13 67.59
-118.34 32.20
-118.69 -31.38
-14.80 99.30
-43.58 -93.72
-124.92 3.68
76.32 -79.19
-77.67 78.35
-102.31 57.46
-124.89 -4.19
-102.16 57.62
105.79 53.27
-18.17 -98.94
-75.75 79.55
-113.72 41.52
-45.31 -93.20
6.68 -99.86
118.45 -31.95
119.88 28.32
39.90 -94.77
93.49 -66.38
64.95 -85.44
-99.96 -60.04
-68.24 83.78
87.09 71.74
26.41 97.74
-57.23 88.90
-65.15 -85.35
52.66 -90.69
-44.80 -93.36
-92.04 -67.67
109.21 48.65
77.43 -78.50
-69.24 -83.25
119.60 29.07
-117.99 33.02
-61.48 87.07
-21.51 98.51
-36.42 -95.66
75.02 79.99
-124.99 -1.36
77.69 -78.34
88.87 70.32
52.50 -90.75
-79.87 -76.93
5.23 -99.91
-62.71 -86.51
-77.86 -78.23
-1.09 100.00
-120.46 -26.71
-49.88 91.69
37.62 95.36
76.46 -79.11
-63.22 86.27
74.35 -80.39
125.00 0.50
123.45 -15.71
105.81 53.25
-55.96 89.42
-55.17 89.73
-114.35 -40.39
-51.60 91.08
-31.92 -96.69
50.00 91.65
-33.93 -96.25
65.15 -85.34
119.34 29.75
124.47 -9.22
-91.84 67.84
-123.41 15.90
-34.58 -96.10
124.43 -9.54
17.00 99.07
119.35 29.73
-124.45 -9.34
58.01 88.58
114.05 40.93
-85.03 73.30
-71.42 82.07
-97.37 62.71
-34.70 -96.07
103.47 -56.10
41.81 94.24
122.41 20.23
-122.08 -21.50
-82.60 75.05
-120.44 -26.76
117.71 33.65
-43.86 93.64
-46.22 92.91
-11.61 -99.57
-73.11 -81.11
-96.96 -63.11
103.86 -55.65
2.36 -99.98
123.43 15.79
31.95 -96.68
119.91 28.25
-117.82 -33.41
121.53 23.41
-117.88 33.27
99.02 61.03
-54.27 -90.08
0.66 100.00
124.80 -5.67
95.39 64.62
8.41 -99.77
99.04 -61.01
-102.24 57.53
-93.73 -66.17
99.40 60.64
111.70 -44.88
-6.12 99.88
-74.36 -80.38
-29.88 97.10
-38.75 -95.07
-100.89 59.04
76.25 79.24
51.43 -91.14
69.18 -83.29
70.64 82.50
72.13 81.67
-40.60 94.58
-89.08 70.15
39.69 -94.82
-8.39 99.77
124.54 8.56
53.79 -90.27
-94.05 65.87
125.00 0.31
-98.24 61.83
87.70 -71.26
-119.76 28.64
-81.35 -75.92
78.51 -77.81
-122.94 18.10
109.87 47.70
70.46 -82.60
35.04 -95.99
48.29 92.24
47.75 92.41
55.05 -89.78
120.38 26.95
-91.25 -68.34
53.92 90.22
-87.99 -71.02
71.11 -82.24
11.29 -99.59
-105.32 53.86
59.88 87.78
115.44 -38.36
85.11 73.24
68.88 -83.45
-61.42 -87.10
116.88 -35.46
124.25 -10.97
115.46 -38.31
-124.68 7.19
-119.11 -30.33
110.32 47.01
34.72 96.07
120.32 -27.11
-31.45 96.78
-111.29 45.53
-46.74 -92.75
77.70 78.33
-122.15 21.22
-110.95 -46.06
-124.75 -6.30
124.86 4.65
0.49 100.00
-8.12 99.79
-9.68 -99.70
-102.93 -56.74
59.53 87.93
-119.46 -29.44
124.00 12.65
93.26 66.58
-125.00 -0.71
123.09 -17.42
116.45 36.34
-117.14 -34.91
-47.93 92.36
-64.23 85.79
124.99 1.55
112.56 -43.48
-90.18 -69.25
-13.42 99.42
69.07 -83.35
0.54 -100.00
80.17 -76.72
-14.77 99.30
-109.23 48.62
107.62 50.87
108.84 -49.18
117.05 35.09
-122.49 19.93
124.64 7.59
58.37 -88.43
96.90 63.17
118.11 32.73
-28.81 -97.31
117.53 34.06
46.20 -92.92
122.47 20.02
-106.58 52.25
117.96 -33.08
-37.66 95.35
-34.09 -96.21
-124.88 4.36
124.55 -8.50
61.00 -87.28
-56.22 89.31
-75.14 79.92
70.21 -82.74
-52.16 90.88
86.11 72.49
121.70 -22.83
90.62 68.88
3.32 99.96
112.86 -42.99
-117.16 34.85
-124.98 1.70
-121.97 21.87
71.56 -81.99
-104.02 55.45
-24.85 98.00
-123.56 15.12
-68.30 83.75
89.09 70.15
-22.61 98.35
105.17 -54.04
42.49 -94.05
-98.87 61.19
-22.77 98.33
-107.41 -51.15
111.54 -45.14
115.36 38.51
-61.60 87.01
-33.67 -96.30
-116.31 36.64
125.00 0.71
122.66 19.28
12.84 99.47
52.52 90.74
-124.80 -5.72
-120.76 25.82
-4.42 -99.94
52.11 -90.90
69.32 -83.22
112.43 43.71
-107.33 -51.26
80.09 -76.78
16.98 -99.07
41.09 94.44
-112.13 -44.20
-113.08 -42.62
-122.66 19.25
30.44 96.99
-93.14 -66.69
-81.46 75.85
-28.97 97.28
-65.83 85.01
121.39 -23.87
117.53 -34.06
41.81 94.24
-124.67 7.23
54.75 -89.90
64.43 85.69
24.52 98.06
-34.38 -96.14
-99.11 60.94
15.23 -99.25
9.23 -99.73
-13.27 99.43
95.73 64.31
111.79 44.75
124.92 -3.56
-85.38 73.04
-105.73 -53.34
-120.68 -26.05
-47.85 -92.38
69.90 82.90
123.50 -15.43
-122.61 19.45
86.57 72.14
-119.17 -30.17
96.33 63.73
-123.27 16.58
-124.29 -10.64
91.05 -68.52
111.41 45.34
68.60 83.60
122.35 20.49
-93.21 -66.63
-21.79 98.47
-92.64 67.14
101.16 -58.74
9.80 -99.69
120.87 -25.50
-101.24 58.65
119.34 -29.75
-74.54 80.28
12.07 99.53
122.56 19.67
-41.97 94.19
38.17 95.22
-24.01 -98.14
54.22 90.10
79.53 -77.15
-53.72 90.29
119.37 29.68
55.83 89.47
-62.99 86.38
-111.91 44.55
124.63 7.68
124.37 10.05
124.40 -9.81
-119.65 28.94
47.83 -92.39
-14.10 -99.36
123.22 -16.80
27.60 97.53
-124.38 -9.95
-124.78 -5.89
-122.25 20.87
122.31 -20.62
122.68 -19.17
103.51 -56.06
-48.61 92.13
119.78 -28.61
-13.81 -99.39
-16.50 -99.12
-102.13 -57.66
-93.73 66.16
-87.42 71.48
-89.87 69.50
-114.52 40.08
123.76 14.06
-101.44 58.44
-52.27 -90.84
88.59 70.55
-27.65 97.52
-103.01 56.65
-122.46 -20.06
124.11 11.94
121.85 -22.31
114.84 39.49
-107.53 -50.99
-53.03 90.55
-124.96 -2.65
122.16 21.20
-99.15 60.89
-121.43 23.73
-115.56 -38.13
-123.60 -14.95
-40.90 94.50
-115.57 -38.11
-122.10 -21.42
15.03 99.27
74.46 80.32
-45.13 93.26
-106.93 51.79
43.26 -93.82
115.84 37.58
-120.01 27.97
-94.08 65.85
-28.39 -97.39
-87.55 -71.38
-119.97 -28.07
-42.39 -94.07
71.67 -81.93
98.76 61.30
90.30 -69.15
119.41 -29.58
-124.14 -11.71
-123.25 -16.68
32.36 96.59
-51.12 -91.26
0.56 -100.00
84.99 73.33
-22.03 -98.43
11.55 99.57
-71.15 -82.22
-115.47 -38.29
114.10 -40.84
110.22 47.17
-68.81 -83.48
119.12 30.32
38.84 -95.05
31.64 96.74
-86.23 -72.40
-115.25 38.73
-99.02 61.03
7.90 99.80
88.60 70.54
6.22 -99.88
-115.89 -37.49
120.81 -25.67
114.14 40.78
113.32 42.20
-118.95 -30.74
116.26 -36.73
19.72 -98.75
42.16 -94.14
-18.99 98.84
-66.10 84.87
124.55 -8.45
39.45 -94.89
110.04 47.43
-123.20 16.92
121.76 22.62
-72.84 -81.27
-89.31 69.97
55.59 89.57
8.42 -99.77
111.11 -45.82
-124.02 -12.50
-96.85 -63.22
100.15 -59.83
-20.65 -98.63
-7.17 99.84
-79.40 -77.24
116.23 -36.80
-17.57 -99.01
108.92 -49.06
79.64 77.07
99.62 60.40
44.73 93.38
14.89 99.29
111.92 44.53
-62.09 86.79
13.86 99.38
34.17 -96.19
-89.56 -69.76
122.72 19.01
-115.38 -38.48
-19.95 98.72
-105.29 -53.90
54.41 -90.03
-88.68 -70.47
36.82 95.56
-118.37 -32.13
16.57 99.12
-58.71 -88.28
25.27 97.94
-75.45 79.73
-124.46 -9.31
-93.37 -66.49
93.28 -66.56
-124.98 1.76
122.25 -20.84
-54.67 -89.93
113.10 -42.59
121.65 22.99
-94.26 -65.68
15.17 -99.26
116.35 -36.56
85.35 -73.06
85.17 73.19
-6.44 -99.87
45.68 -93.08
-75.49 -79.71
72.60 81.40
92.33 67.41
-80.04 -76.81
52.99 -90.57
28.86 97.30
-115.03 -39.14
-123.95 -12.96
1.76 99.99
114.52 -40.08
70.17 -82.76
-121.58 -23.23
-24.94 97.99
-119.93 -28.18
-43.53 -93.74
-2.01 99.99
115.53 38.18
-118.59 -31.60
72.60 -81.41
-12.64 99.49
-124.32 -10.39
-23.23 98.26
-41.52 -94.32
-47.69 -92.44
100.79 59.15
-124.49 -9.04
-36.52 -95.64
-121.19 24.50
124.85 4.85
122.46 -20.07
-68.63 -83.58
116.86 35.50
-28.40 -97.38
-102.26 57.51
-60.05 -87.70
90.97 68.58
123.79 13.86
-117.29 -34.59
-92.48 -67.28
57.91 88.62
-99.54 60.49
-101.84 57.98
21.72 98.48
86.31 -72.33
58.56 88.35
99.38 -60.65
-123.43 -15.79
51.26 91.21
-124.98 -1.60
-19.54 -98.77
-115.95 37.35
-50.84 -91.35
74.36 80.38
77.75 -78.30
113.51 -41.88
-1.07 100.00
-120.55 -26.44
-71.07 82.27
-89.04 -70.19
96.95 63.12
103.20 -56.42
-114.85 39.48
-124.96 2.50
-80.33 76.61
119.13 -30.28
124.50 8.95
13.43 99.42
43.15 -93.85
98.96 -61.09
106.41 52.47
86.39 -72.27
46.47 92.83
124.99 -1.17
86.93 -71.86
-124.92 -3.51
-27.07 -97.63
22.99 98.29
122.23 -20.92
-97.13 -62.94
74.08 80.55
-112.08 -44.28
118.60 31.60
-125.00 0.62
109.75 -47.86
124.57 8.27
124.70 -6.96
94.06 65.86
113.96 41.09
66.55 84.65
0.17 -100.00
118.00 -33.00
121.40 23.83
5.62 -99.90
-35.33 -95.92
123.34 16.26
-12.55 99.50
-86.78 71.97
110.89 46.16
-107.64 -50.84
107.40 51.17
-28.15 97.43
124.03 -12.41
-97.99 62.09
2.88 -99.97
116.99 35.23
-57.56 -88.77
-78.84 77.60
-123.21 16.85
111.76 44.79
-47.34 -92.55
43.96 93.61
59.38 88.00
117.50 -34.12
93.29 66.56
-53.32 90.45
-124.92 3.66
-118.64 -31.50
-122.84 18.49
-58.01 -88.58
97.58 62.50
-71.73 -81.90
35.12 -95.97
43.43 -93.77
71.19 -82.20
-112.80 43.08
-84.44 73.74
93.09 66.74
-115.44 -38.36
-58.56 -88.35
89.12 70.12
-116.13 37.00
109.52 48.20
35.66 -95.85
-47.52 -92.49
124.85 -4.91
55.03 -89.79
-68.09 83.86
81.44 75.86
70.91 82.35
30.16 -97.05
-114.13 40.78
39.01 95.00
35.29 -95.93
122.47 -20.01
-1.96 99.99
-10.83 99.62
-107.89 -50.50
-54.25 -90.09
12.61 99.49
121.56 -23.29
-13.60 99.41
-57.95 88.60
-112.45 -43.67
-80.86 -76.26
49.46 91.84
68.87 -83.46
-64.50 85.66
-84.13 73.96
-53.81 -90.26
59.25 -88.05
91.81 -67.86
-71.63 81.95
110.73 46.40
119.74 -28.69
15.67 -99.21
59.25 -88.05
-106.02 52.97
47.39 92.53
99.89 -60.12
120.58 -26.37
-108.26 -49.99
-30.27 97.02
47.54 92.48
110.32 47.01
77.14 78.68
-9.43 99.71
0.95 -100.00
119.43 29.52
-117.66 -33.76
-42.76 -93.97
9.03 -99.74
-108.07 -50.25
-95.84 -64.20
-17.09 99.06
-63.27 86.24
-124.51 8.81
-82.77 -74.93
8.76 99.75
-26.67 -97.70
116.59 -36.05
107.64 50.84
-111.21 -45.66
-81.95 -75.51
86.86 -71.91
-110.35 -46.98
-105.55 53.57
-59.81 87.81
115.17 -38.88
95.28 -64.73
-63.91 85.94
-18.23 98.93
125.00 -0.15
117.97 -33.06
18.69 -98.88
44.40 -93.48
-43.56 -93.73
119.11 -30.33
-116.04 37.18
80.26 76.67
59.75 87.84
-83.76 -74.23
109.00 -48.95
77.58 -78.41
4.49 99.94
105.03 54.22
-42.18 94.14
-124.44 9.48
-9.28 -99.72
121.74 22.68
-63.06 86.34
-45.64 93.10
74.79 80.13
-25.72 97.86
-96.57 63.49
54.48 90.00
68.26 83.77
117.06 -35.08
-11.40 99.58
99.52 60.51
-88.67 70.49
124.03 -12.40
12.66 -99.49
-65.84 85.01
-13.64 -99.40
117.60 33.90
-76.74 -78.94
123.84 -13.61
14.03 -99.37
120.02 -27.93
25.25 -97.94
55.64 89.55
-98.73 61.33
-107.67 50.80
117.53 34.05
-124.79 5.86
-124.75 -6.28
124.96 -2.53
-25.98 97.82
59.87 -87.79
114.49 -40.13
32.12 -96.64
-115.01 39.18
91.15 -68.43
-80.75 -76.34
-99.18 60.87
78.80 77.63
-120.99 25.13
94.50 -65.46
101.68 58.17
93.15 66.68
-85.06 -73.28
40.78 -94.53
10.92 99.62
68.03 83.89
-114.26 -40.55
-124.82 5.43
2.34 99.98
-6.29 -99.87
40.44 94.62
30.19 97.04
-90.53 -68.96
-76.64 -79.00
-49.40 91.86
107.09 -51.58
122.45 20.09
115.97 37.31
87.40 -71.49
-13.59 -99.41
91.66 -68.00
106.39 -52.49
-3.24 -99.97
120.38 26.95
110.93 -46.10
-3.79 -99.95
21.76 -98.47
6.59 99.86
112.93 -42.86
-124.12 -11.82
-118.84 -31.01
42.50 -94.04
-120.08 27.78
-114.38 40.33
101.55 58.30
75.09 79.94
24.00 -98.14
112.07 -44.29
-70.79 -82.42
-118.50 31.83
70.14 82.77
101.50 -58.36
-113.04 -42.69
-85.09 73.26
124.84 5.10
121.36 23.95
23.32 98.24
124.87 -4.49
124.34 10.29
69.82 -82.95
-62.02 -86.82
-66.77 84.54
66.89 84.48
-109.93 -47.60
93.41 66.45
58.49 88.38
63.26 -86.25
100.73 59.21
28.15 -97.43
-104.02 -55.46
-106.52 52.33
85.68 -72.81
-123.11 17.34
-43.25 93.82
-123.84 -13.57
67.47 84.18
3.72 99.96
98.35 61.72
-118.27 -32.37
124.00 -12.63
78.18 78.02
49.56 91.80
34.61 96.09
10.91 -99.62
-68.76 83.51
104.46 -54.92
124.65 7.50
-11.08 99.61
-120.58 -26.36
79.92 -76.89
-111.63 -45.00
-124.78 5.93
-53.19 90.50
-35.59 -95.86
114.12 40.80
-124.69 -7.02
-72.65 81.38
124.98 -1.97
102.25 -57.52
-106.09 -52.89
11.99 99.54
-61.07 -87.25
109.16 48.72
-53.20 90.49
124.71 -6.83
115.79 37.67
102.92 56.75
-124.26 -10.83
119.16 30.22
103.19 -56.44
-119.04 30.50
13.74 -99.39
-124.97 -2.12
-52.18 90.87
-68.96 83.40
-124.74 -6.43
-38.86 -95.04
-114.86 -39.45
79.28 77.32
35.49 95.88
37.41 -95.42
123.58 15.04
91.75 67.92
121.51 -23.48
-116.65 35.93
-43.23 93.83
27.61 97.53
114.15 -40.76
3.98 99.95
12.68 -99.48
14.44 99.33
124.94 -3.20
123.85 -13.53
87.73 71.23
54.00 90.19
-117.46 34.20
-8.38 -99.78
-32.08 96.65
12.27 99.52
-18.95 -98.84
-88.23 70.84
4.67 -99.93
13.06 -99.45
39.73 -94.81
-124.97 -2.22
122.99 -17.85
-124.77 -6.12
-110.96 -46.04
111.76 -44.79
-117.47 -34.18
-114.55 40.02
-79.34 -77.28
96.91 -63.16
2.65 -99.98
51.62 -91.08
-7.38 99.83
-48.46 -92.18
5.91 -99.89
-32.88 -96.48
116.09 -37.07
19.24 -98.81
-114.17 -40.72
19.46 -98.78
-53.43 90.41
9.41 -99.72
121.89 -22.16
-13.75 99.39
-123.96 12.85
79.90 76.91
-124.83 -5.19
121.48 -23.58
-121.56 -23.31
120.74 -25.88
124.95 2.89
71.02 82.29
-117.37 -34.41
-69.38 83.18
-104.28 55.14
-74.66 -80.21
101.32 -58.57
-107.42 51.14
115.63 -37.99
-123.02 -17.74
-101.79 -58.04
103.36 56.23
63.46 86.16
32.30 -96.60
-45.12 -93.26
110.24 -47.14
125.00 -0.48
85.89 72.65
-124.99 -1.15
121.93 -22.02
58.86 -88.22
115.79 37.67
70.71 82.46
28.29 -97.40
120.67 26.09
-120.93 25.31
-25.40 -97.91
95.80 -64.24
-98.98 61.07
80.79 -76.30
-101.45 -58.42
-121.66 22.97
23.08 98.28
47.20 92.60
112.80 -43.09
-73.41 80.94
-115.79 37.67
-124.45 9.35
-21.63 98.49
7.78 -99.81
-123.42 15.85
43.84 93.65
-108.61 -49.50
-124.82 5.36
115.61 -38.03
-19.07 98.83
-94.38 -65.56
30.98 -96.88
-109.07 48.84
101.87 57.95
84.45 -73.72
-36.89 95.55
-59.88 -87.78
-119.60 -29.08
-64.74 -85.54
-121.34 -24.04
-34.69 -96.07
116.62 -36.00
-121.04 24.98
123.62 14.81
-82.78 74.93
-117.88 -33.27
89.10 70.14
-49.40 -91.86
11.06 -99.61
-34.11 -96.21
117.24 -34.68
-32.13 -96.64
-106.76 -52.02
103.24 -56.37
103.25 -56.37
-121.54 23.37
107.89 -50.50
-117.31 34.52
-109.85 -47.71
116.10 37.06
-124.83 -5.22
-85.80 -72.72
34.33 96.15
-0.78 100.00
-117.56 33.99
57.36 -88.85
-124.92 -3.62
-50.70 -91.40
4.32 99.94
73.79 80.72
-50.86 91.35
-119.28 -29.91
83.53 -74.39
-91.48 -68.15
-106.12 52.85
123.51 -15.42
117.66 33.76
79.52 77.16
110.38 -46.93
-101.49 -58.37
-24.68 -98.03
-120.31 27.15
-82.74 -74.96
103.59 55.97
-124.05 -12.29
-28.67 97.33
112.66 -43.33
118.35 -32.19
-23.98 -98.14
-65.26 85.29
-107.32 -51.27
-91.87 67.81
-117.60 33.91
-111.45 45.29
-111.72 -44.85
-39.63 -94.84
76.71 78.96
22.95 -98.30
-7.91 99.80
-114.32 -40.44
41.69 -94.27
-5.37 99.91
22.03 98.43
83.99 74.06
-112.30 -43.93
-98.03 -62.04
74.39 80.36
-75.88 -79.46
-124.99 -0.95
-121.11 24.77
-110.62 -46.57
-51.77 -91.02
92.40 -67.35
-108.60 49.52
-72.87 -81.25
120.95 25.23
-17.61 -99.00
-38.90 -95.04
14.62 -99.31
1.51 99.99
22.44 98.38
115.13 -38.94
47.68 -92.44
-49.71 91.75
-58.27 -88.47
-39.74 94.81
-120.73 -25.91
97.79 -62.29
-32.08 -96.65
-53.91 -90.22
-122.15 -21.24
-88.05 70.98
119.34 -29.74
101.97 57.83
92.74 -67.05
9.22 99.73
71.98 -81.76
7.72 99.81
-118.19 -32.55
-121.45 23.66
-124.83 -5.26
-111.63 -45.00
64.65 -85.58
124.45 9.40
29.71 97.13
6.29 -99.87
-53.26 90.47
-99.35 -60.68
-44.84 93.34
-42.71 -93.98
-18.73 -98.87
61.75 -86.95
-56.14 -89.35
96.14 -63.91
121.21 24.43
-61.35 87.13
-72.08 81.70
40.65 94.56
-61.90 86.88
-107.36 -51.22
51.31 91.19
-122.01 21.74
88.49 70.63
-105.66 -53.43
60.76 87.39
-121.74 22.70
-7.02 -99.84
124.61 7.86
107.61 -50.89
-98.27 -61.80
66.31 -84.77
49.66 -91.77
-43.67 93.70
120.24 -27.35
-18.07 98.95
22.72 98.33
94.89 65.10
121.73 -22.74
104.02 -55.45
-122.88 -18.34
53.80 -90.26
5.08 99.92
-105.38 53.78
102.28 57.49
-87.30 71.57
115.74 -37.78
-97.55 -62.53
-33.03 96.44
86.95 -71.84
-122.94 -18.09
113.28 42.27
117.47 -34.18
-73.23 -81.04
-91.69 -67.97
-20.37 -98.66
124.02 -12.48
106.17 -52.78
62.96 86.39
96.46 63.60
66.42 84.71
74.76 -80.14
-124.03 12.46
-80.57 76.45
115.54 38.17
-69.77 -82.97
-104.68 -54.66
-100.53 59.43
120.57 26.40
1.36 -99.99
-103.40 -56.19
78.12 78.06
94.91 -65.07
-71.36 82.10
-107.73 50.71
-37.20 -95.47
-124.89 4.17
-1.40 99.99
44.46 -93.46
-70.91 82.35
-102.90 56.78
117.93 -33.16
-25.77 -97.85
-121.81 -22.44
117.92 -33.17
36.80 -95.57
-63.70 86.04
-124.79 5.82
-65.60 -85.12
14.08 99.36
-55.07 -89.77
-109.09 -48.82
-8.17 99.79
-124.13 11.78
-119.50 -29.34
-25.21 97.95
13.55 99.41
65.97 -84.94
115.07 -39.06
-8.59 99.76
78.22 78.00
-2.82 99.97
86.79 71.97
118.96 -30.71
-39.33 94.92
64.56 85.63
-98.86 -61.19
-26.28 97.76
-114.16 -40.73
89.06 -70.17
-17.43 -99.02
-96.34 63.72
45.46 93.15
22.79 98.32
-90.23 69.21
-123.16 17.09
84.87 73.42
-73.64 80.80
-7.72 99.81
62.79 86.47
100.51 59.45
-115.35 -38.53
93.88 -66.03
103.05 56.61
-120.49 -26.61
49.89 -91.69
6.03 99.88
115.08 -39.03
-5.11 99.92
11.57 -99.57
-80.73 -76.35
124.90 4.03
118.19 -32.56
124.87 -4.63
124.12 11.84
-79.33 77.28
118.42 -32.02
47.75 92.42
80.30 76.64
-86.67 -72.06
122.91 -18.21
-124.07 12.20
122.70 19.11
91.61 -68.03
-103.28 56.34
84.73 -73.52
120.70 26.00
-107.97 -50.38
102.41 57.33
-122.27 -20.80
104.08 -55.38
95.23 64.78
-14.26 -99.35
-123.27 -16.56
-123.16 17.10
88.05 70.98
124.98 1.71
-61.90 86.88
114.36 -40.37
-19.37 -98.79
-23.69 -98.19
61.80 -86.92
95.15 64.85
-60.30 -87.59
-16.93 99.08
43.69 -93.69
64.28 85.76
118.85 -30.98
-73.18 81.07
-111.43 -45.31
23.42 -98.23
-122.78 -18.78
-1.62 99.99
-61.60 -87.01
88.47 70.64
-52.34 -90.81
-57.06 88.97
-81.94 -75.52
122.48 -19.99
120.82 -25.65
73.54 -80.86
-109.01 -48.93
123.77 -14.02
65.56 85.14
92.89 -66.92
-103.03 56.62
-105.50 53.63
-120.72 -25.95
-69.80 -82.96
26.97 97.65
33.91 -96.25
100.58 59.38
124.80 -5.59
-123.93 -13.08
119.67 -28.88
60.84 -87.36
-18.92 -98.85
110.54 -46.69
28.19 -97.42
-120.58 26.36
59.85 -87.79
-95.24 -64.76
96.48 63.58
11.72 99.56
82.42 -75.18
-108.71 49.36
-15.39 -99.24
59.28 88.04
76.39 79.16
-123.52 15.32
122.62 -19.41
-112.48 43.63
-125.00 -0.70
112.49 -43.61
-48.63 92.12
124.50 8.95
-124.60 7.95
-6.63 99.86
110.93 46.10
-68.46 -83.67
80.55 -76.47
114.69 39.77
33.18 96.41
-107.98 -50.38
71.69 -81.92
21.93 98.45
97.42 62.66
-8.84 99.75
121.16 -24.59
-119.87 -28.36
99.06 -60.99
-82.06 75.43
-106.78 -51.99
-36.66 -95.60
-15.60 99.22
-60.94 87.31
84.84 -73.44
-68.59 -83.60
110.20 -47.20
32.68 96.52
-69.07 83.35
-84.46 73.72
124.89 -4.12
-124.97 2.20
-88.05 70.98
112.88 42.96
120.74 -25.88
121.99 21.81
-36.15 95.73
-52.52 -90.74
52.14 90.89
-110.08 -47.37
-106.31 52.60
-65.52 -85.16
7.25 99.83
-121.89 22.16
88.14 70.91
75.38 79.77
124.94 -3.06
-111.78 44.76
-52.55 -90.73
-78.75 77.66
57.92 88.62
-122.33 20.56
123.94 12.99
124.63 -7.73
50.22 91.58
86.10 72.49
-100.75 -59.19
118.09 32.79
102.16 57.63
117.76 -33.54
-122.49 19.93
117.76 -33.54
-124.41 -9.70
-119.60 -29.08
-123.82 -13.68
-6.13 -99.88
100.45 -59.52
120.19 27.48
98.41 -61.65
-102.23 -57.54
124.92 3.53
124.80 -5.62
-57.04 -88.98
-113.33 42.19
95.15 -64.85
35.53 95.87
-57.86 88.64
76.79 -78.91
67.84 83.99
-119.01 -30.57
63.47 86.15
123.05 17.59
-102.79 56.91
108.60 49.52
-124.91 -3.82
-99.90 60.11
19.51 98.77
116.30 36.65
43.78 -93.67
113.98 41.05
-61.67 -86.98
-106.60 52.22
-10.02 99.68
-111.47 45.25
-75.94 79.43
113.01 -42.74
-113.88 -41.24
-113.81 -41.35
-10.64 99.64
-90.16 69.26
-113.89 41.22
-124.97 2.07
-116.64 35.95
115.34 38.55
-121.72 -22.75
84.91 -73.39
-40.40 -94.63
-71.95 -81.77
9.05 99.74
-119.37 -29.67
-113.87 41.24
124.32 10.43
96.38 -63.68
118.85 -30.99
122.29 -20.72
-70.30 -82.69
5.84 -99.89
-100.93 59.00
-124.51 -8.86
4.89 -99.92
-69.69 -83.02
45.03 -93.28
102.57 -57.16
-121.60 23.18
57.71 -88.71
59.30 88.03
-31.34 96.80
-98.21 61.86
95.74 -64.29
84.36 -73.79
-103.77 -55.75
-48.70 -92.10
43.47 93.76
9.88 99.69
120.58 26.36
